0
10015
15902
19
10016
15914
19
10002
27428
19
10002
27428
39
10016
15902
39
10002
27426
39
10002
27420
39
10004
27423
39
10002
27428
58
10017
15914
58
10002
27428
58
10008
27423
59
10002
27428
78
10012
15899
79
10002
27428
79
10002
27426
79
10002
27420
88
10002
27426
98
10002
27430
98
10018
15911
99
10002
27428
108
10002
27426
117
10002
27426
118
10018
15899
118
10002
27420
118
10002
27428
118
10004
27423
128
10002
27426
138
10002
27430
138
10002
27428
138
10015
15911
148
10002
27426
157
10018
15899
157
