0
10007
27419
0
10004
27426
1
10005
11060
1
10006
11069
1
10004
11065
18
10004
27426
19
10006
11069
19
10006
11060
19
10005
11065
36
10004
27426
36
10007
11060
36
10006
11069
37
10005
11065
38
10007
27422
38
10007
27419
53
10008
11060
53
10005
11069
53
10005
11065
55
10003
27426
71
10049
11055
71
10044
11064
71
10045
11060
72
10052
11048
73
10007
27419
74
10006
11055
74
10003
27426
74
10040
11036
74
10005
11060
74
10005
11064
74
10061
14392
75
10058
14388
90
10006
11064
90
10007
11055
90
10006
11060
92
10003
27426
109
10006
11064
109
10006
11060
109
10005
11055
110
10007
27419
110
10004
27426
110
10007
27422
126
10006
11060
126
10009
11055
126
10005
11064
128
10004
27426
144
10035
11053
145
10049
11048
146
10051
11041
146
10004
11065
146
10006
11060
147
10003
11069
147
10006
27419
147
10003
27426
160
10035
14393
161
10034
14397
162
10005
11069
162
10005
11065
162
10006
11060
165
10003
27426
180
10006
11069
180
10006
11060
180
10004
11065
183
10006
27419
184
10004
27426
184
10005
27422
199
10005
11069
199
10005
11065
199
10008
11060
201
10004
27426
211
10045
14392
212
10041
14388
217
10049
11048
218
10044
11055
218
10004
11064
218
10004
11060
218
10003
11067
219
10005
27426
219
10006
27419
219
10041
11036
235
10005
11060
235
10004
11064
235
10004
11067
237
10007
27419
237
10006
27426
253
10004
11060
253
10003
11064
253
10003
11067
256
10005
27426
256
10005
27419
256
10004
27422
271
10003
11060
271
10003
11064
272
10002
11067
275
10004
27426
275
10004
27419
275
10004
27422
290
10004
11064
290
10006
11060
290
10005
11067
291
10005
11048
291
10008
11055
292
10008
27419
292
10005
27426
293
10005
27422
293
10009
11036
307
10005
11060
307
10004
11064
308
10004
11067
309
10009
11048
310
10004
27426
310
10004
27419
310
10005
27422
311
10004
11036
323
10009
11036
325
10006
11048
325
10004
11064
325
10004
11067
325
10004
11060
326
10007
27419
326
10006
27426
326
10005
27422
339
10011
11036
342
10007
11060
342
10009
11048
343
10003
11064
343
10004
11067
344
10004
27419
344
10005
27426
345
10004
27422
360
10029
11043
360
10004
11062
360
10003
11059
360
10003
11055
362
10006
27426
363
10008
27419
363
10010
27441
363
10004
27441
363
10009
11043
375
10009
11059
376
10008
11055
376
10008
11062
380
10004
27426
394
10008
11062
394
10006
11055
394
10006
11059
397
10007
11043
398
10006
27426
398
10006
27419
398
10005
27422
399
10014
14397
412
10016
14395
413
10010
11062
413
10009
11059
414
10007
11055
414
10011
11043
416
10004
27426
432
10008
11062
432
10005
11055
432
10006
11059
434
10035
14397
434
10007
11043
434
10007
27419
435
10003
27426
450
10007
11062
450
10005
11055
450
10006
11059
450
10010
11043
453
10004
27426
469
10007
11059
469
10006
11055
469
10007
11062
469
10022
14395
469
10008
11043
473
10006
27426
473
10008
27419
473
10006
27422
487
10011
11055
487
10013
11059
487
10014
11062
488
10010
11043
490
10004
27426
507
10009
11043
508
10007
27419
508
10005
27426
524
10011
11036
524
10009
11060
525
10008
11064
525
10004
11055
525
10005
11059
526
10008
11048
526
10030
14395
527
10005
27426
544
10006
11064
544
10006
11055
544
10006
11060
544
10008
11036
546
10006
27419
546
10007
27426
546
10007
27422
546
10008
11048
561
10014
14395
563
10008
11036
563
10008
11048
564
10004
27426
564
10005
11064
564
10007
11060
564
10006
11055
580
10009
11043
582
10008
11059
582
10006
11055
582
10009
11062
582
10009
11043
583
10007
27419
583
10005
27426
599
10009
11043
600
10007
11062
600
10006
11055
600
10006
11059
600
10007
27426
617
10008
11043
618
10008
11062
618
10005
11059
618
10005
11055
618
10007
11043
620
10005
27419
620
10006
27422
620
10004
27426
635
10010
11043
635
10014
11062
635
10013
11043
636
10013
11059
636
10012
11055
638
10004
27426
656
10005
27419
656
10005
27426
672
10008
11065
672
10009
11060
672
10009
11069
674
10008
11041
675
10005
27426
675
10006
11041
688
10009
11041
690
10008
11060
690
10007
11069
690
10005
11065
691
10006
11041
693
10016
14397
693
10006
27419
693
10006
27422
693
10005
27426
705
10010
11041
707
10010
11060
708
10008
11065
708
10008
11069
708
10011
11041
709
10019
14395
711
10003
27426
727
10008
11041
727
10028
11041
728
10009
11060
728
10007
11065
728
10007
11069
728
10029
14397
729
10007
27419
729
10004
27426
745
10007
11069
745
10008
11041
746
10006
11065
746
10007
11060
746
10006
27426
763
10009
11041
763
10011
11041
763
10018
14395
763
10005
11060
764
10005
11069
764
10004
11065
766
10007
27419
766
10006
27422
766
10006
27426
781
10009
11041
782
10008
11041
782
10005
11069
782
10006
11060
782
10005
11065
785
10004
27426
798
10010
11043
801
10006
11043
802
10005
27419
802
10004
27426
817
10009
11043
818
10008
11043
820
10007
11062
820
10005
11055
820
10005
11059
821
10004
27426
835
10008
11043
836
10007
11043
838
10006
11055
838
10006
11059
839
10006
11062
839
10006
27422
839
10007
27426
839
10006
27419
854
10009
11043
854
10011
11043
856
10007
11059
856
10006
11055
856
10007
11062
858
10004
27426
873
10008
11043
874
10009
11043
874
10006
11055
874
10007
11059
874
10008
11062
877
10006
27426
877
10007
27419
892
10011
11043
892
10008
11043
894
10007
11062
894
10006
11055
894
10007
11059
895
10006
27426
911
10011
11043
911
10008
11043
913
10006
11059
913
10006
11055
913
10006
11062
914
10008
27419
914
10007
27422
914
10007
27426
929
10009
11043
929
10019
11043
931
10013
11062
931
10011
11055
931
10011
11059
932
10004
27426
950
10005
27426
950
10006
27419
950
10008
11048
951
10007
11036
967
10008
11064
967
10008
11060
967
10007
11055
967
10008
11036
967
10012
14402
968
10007
11048
970
10006
27426
984
10008
11036
985
10007
11064
985
10009
11048
985
10006
11055
985
10007
11060
987
10005
14400
987
10008
27419
987
10007
27422
987
10008
27426
1003
10009
11036
1003
10011
11048
1004
10009
11064
1004
10008
11055
1004
10009
11060
1006
10004
27426
1007
10008
14402
1021
10009
11043
1022
10009
11055
1022
10009
11043
1022
10007
11059
1022
10007
11062
1024
10007
27419
1024
10004
27426
1040
10009
11043
1041
10008
11059
1041
10008
11055
1041
10008
11062
1042
10008
11043
1042
10008
14402
1042
10005
27426
1060
10009
11062
1060
10009
11043
1060
10006
11055
1060
10007
11059
1060
10009
11043
1060
10006
14400
1061
10009
27419
1061
10008
27422
1061
10007
27426
1077
10011
11043
1078
10010
11062
1078
10010
11059
1078
10009
11055
1078
10008
11043
1079
10006
27426
1079
10006
14402
1096
10008
11043
1098
10007
27419
1098
10006
27426
1113
10010
11041
1113
10008
11060
1114
10008
11041
1114
10006
11057
1114
10005
11053
1116
10006
27426
1116
10006
14397
1132
10008
11041
1132
10009
11041
1134
10005
14397
1134
10007
27422
1134
10007
27419
1134
10007
27426
1134
10005
11053
1134
10006
11057
1134
10007
11060
1150
10008
11041
1151
10010
11041
1153
10004
27426
1153
10006
11053
1153
10008
11060
1153
10007
11057
1155
10006
14397
1168
10008
11041
1169
10009
11041
1170
10007
11053
1170
10008
11060
1170
10007
11057
1171
10009
27419
1171
10007
27426
1172
10006
14397
1188
10009
11041
1188
10008
11041
1189
10009
11060
1189
10008
11057
1189
10006
11053
1190
10005
14397
1191
10003
27426
1206
10007
11041
1207
10004
14397
1207
10008
11060
1207
10006
11057
1207
10008
11041
1207
10006
11053
1209
10008
27419
1209
10007
27426
1209
10007
27422
1225
10012
11041
1226
10007
14397
1226
10011
11041
1227
10013
11053
1227
10011
11057
1227
10009
11060
1227
10004
27426
1245
10010
11045
1246
10010
27441
1246
10008
27419
1246
10007
27426
1261
10009
11061
1262
10008
11064
1262
10007
11057
1263
10009
11045
1264
10006
27426
1264
10007
11045
1264
10008
14397
1280
10008
11061
1280
10008
11064
1280
10008
11057
1281
10009
11045
1282
10009
11045
1283
10007
27422
1283
10009
27419
1283
10008
27426
1283
10007
14397
1297
10009
11061
1298
10009
11045
1299
10009
11064
1299
10008
11057
1299
10007
14397
1300
10009
11045
1301
10005
27426
1316
10008
14397
1317
10011
11061
1317
10011
11064
1317
10009
11057
1317
10012
11045
1319
10010
11045
1320
10005
27426
1320
10008
27419
1335
10012
14397
1337
10009
11061
1337
10009
11064
1337
10008
11057
1337
10011
11045
1338
10004
27426
1338
10008
11045
1353
10008
14400
1353
10011
11045
1355
10008
11064
1355
10008
11061
1356
10008
11045
1356
10007
11057
1357
10007
27419
1357
10006
27422
1357
10005
27426
1372
10008
14400
1372
10014
11064
1373
10011
11061
1373
10012
11045
1373
10010
11045
1374
10004
11057
1375
10006
27426
1390
10010
11038
1391
10038
14404
1392
10011
11038
1394
10009
27419
1394
10005
27426
1410
10009
11057
1410
10009
11038
1410
10008
11053
1410
10009
11038
1410
10008
11062
1412
10005
27426
1427
10009
11038
1428
10010
11062
1428
10009
11053
1428
10010
11038
1428
10008
11057
1429
10034
14402
1431
10007
27422
1431
10007
27419
1431
10004
27426
1444
10011
11038
1446
10011
11038
1447
10012
11062
1447
10011
11057
1448
10009
11053
1449
10005
27426
1463
10012
11038
1465
10009
11038
1466
10033
14397
1467
10007
11053
1467
10010
11062
1467
10009
11057
1468
10007
27419
1468
10005
27426
1484
10009
11038
1484
10009
11038
1486
10009
11062
1486
10008
11057
1487
10006
11053
1487
10005
27426
1502
10011
14397
1503
10008
11038
1504
10010
11038
1504
10008
11053
1504
10008
11062
1504
10008
11057
1506
10007
27422
1506
10008
27419
1506
10004
27426
1520
10010
11038
1522
10009
11057
1522
10010
11062
1522
10008
11053
1522
10008
11038
1524
10005
27426
1539
10012
11043
1540
10008
11055
1540
10009
11062
1540
10007
11059
1540
10010
11043
1542
10008
27419
1542
10006
27426
1558
10011
11043
1560
10009
11043
1560
10009
11059
1560
10009
11062
1560
10007
11055
1561
10005
27426
1561
10006
14397
1574
10012
11043
1577
10011
11043
1578
10008
11062
1578
10009
11059
1579
10007
11055
1579
10005
14397
1579
10007
27422
1579
10009
27419
1579
10005
27426
1579
10008
11062
1581
10007
11059
1581
10006
11055
1593
10008
11043
1596
10008
11062
1596
10007
14397
1596
10009
11059
1596
10009
11062
1596
10008
11043
1597
10007
11059
1598
10006
11055
1598
10005
27426
1599
10003
11055
1608
10014
11043
1612
10013
11059
1612
10013
11062
1612
10013
11062
1613
10012
11059
1613
10010
11055
1613
10009
11055
1613
10009
11043
1613
10007
14397
1616
10007
27419
1616
10004
27426
1629
10010
11043
1633
10009
11043
1633
10007
14397
1634
10008
11055
1634
10009
11062
1634
10005
27426
1634
10008
11059
1648
10009
11059
1648
10009
11043
1649
10009
11062
1649
10007
11055
1651
10009
11059
1651
10008
11043
1651
10007
11062
1652
10006
11055
1652
10005
14397
1653
10007
27419
1653
10007
27422
1653
10006
27426
1666
10011
11059
1667
10010
11062
1667
10009
11055
1667
10009
11043
1669
10008
11043
1670
10006
11055
1670
10009
11059
1670
10007
11062
1670
10005
14397
1672
10004
27426
1685
10013
11059
1685
10011
11041
1685
10013
11062
1685
10010
11053
1686
10002
11057
1687
10010
11041
1690
10007
27419
1690
10004
27426
1690
10006
14397
1702
10010
11041
1703
10009
11053
1703
10009
11059
1704
10009
11062
1704
10009
11041
1707
10007
14397
1708
10003
27426
1721
10009
11041
1722
10010
11062
1722
10008
11059
1722
10007
11053
1722
10010
11041
1723
10008
11062
1723
10007
11053
1723
10007
11059
1724
10006
14397
1725
10009
27419
1725
10007
27422
1725
10004
27426
1739
10011
11062
1739
10010
11041
1740
10009
11059
1740
10009
11053
1740
10011
11041
1741
10007
14397
1741
10005
11053
1742
10006
11062
1742
10006
11059
1744
10004
27426
1757
10011
11062
1757
10009
11053
1757
10010
11041
1758
10011
11062
1758
10009
11053
