0
10000
27512
100
10000
27512
173
10015
11038
200
10015
11050
215
10012
11036
252
10012
11048
267
10016
11035
295
10012
11047
312
10011
11034
345
10010
11046
360
10009
11033
379
10004
11034
391
10004
11035
405
10010
11036
425
10045
11026
511
10014
11061
525
10023
11062
543
10011
11066
558
10008
11069
558
10010
11055
558
10010
11059
558
10011
11045
558
10012
11052
573
10010
11074
588
10009
11078
604
10016
11081
605
10009
11055
605
10009
11059
605
10009
11045
605
10008
11052
618
10032
11086
618
10023
11074
620
10000
11082
649
10015
11081
666
10008
11074
682
10011
11070
699
10010
11069
712
10011
11070
729
10017
11074
730
10019
11048
730
10019
11052
730
10021
11055
730
10020
11059
747
10000
11000
747
10012
11069
763
10011
11070
778
10014
11074
782
10021
11058
782
10021
11054
782
10022
11044
782
10021
11051
797
10011
11069
812
10011
11070
827
10015
11074
832
10017
11050
832
10017
11057
832
10016
11053
832
10016
11043
841
10012
11067
859
10010
11068
879
10009
11069
879
10027
11038
879
10027
11053
879
10027
11060
879
10027
11064
891
10011
11072
908
10012
11074
923
10008
11077
940
10007
11080
946
10011
11042
946
10011
11081
963
10010
11084
979
10010
11086
993
10015
11042
993
10016
11053
993
10015
11058
993
10014
11089
1008
10011
11084
1008
10019
11042
1008
10020
11052
1022
10016
11086
1024
10001
11044
1025
10011
11085
1039
10014
11084
1043
10015
11036
1058
10011
11082
1072
10010
11079
1072
10010
11048
1088
10013
11077
1091
10021
11040
1106
10009
11075
1116
10009
11076
1123
10010
11052
1130
10008
11079
1138
10025
11043
1140
10010
11082
1147
10012
11083
1160
10008
11086
1171
10012
11089
1180
10014
11042
1188
10010
11091
1206
10010
11089
1215
10009
11092
1223
10013
11090
1224
10013
11096
1225
10010
11042
1226
10010
11053
1226
10010
11058
1240
10019
11090
1240
10018
11096
1241
10013
11042
1241
10014
11052
1256
10007
11092
1267
10010
11089
1276
10010
11087
1280
10014
11036
1288
10006
11084
1292
10011
11048
1299
10011
11089
1299
10012
11094
1301
10015
11050
1313
10006
11091
1315
10006
11093
1320
10011
11089
1331
10013
11087
1340
10011
11036
1341
10012
11086
1355
10007
11085
1356
10015
11052
1357
10012
11043
1362
10010
11084
1374
10007
11082
1384
10009
11079
1395
10009
11077
1404
10011
11075
1406
10027
11064
1407
10026
11060
1407
10024
11053
1407
10025
11057
1409
10017
11036
1414
10005
11072
1427
10011
11082
1440
10008
11079
1451
10010
11077
1459
10018
11047
1459
10024
11063
1459
10021
11040
1459
10024
11052
1459
10024
11056
1462
10009
11075
1474
10006
11072
1484
10011
11077
1495
10009
11075
1506
10009
11072
1511
10019
11046
1511
10018
11039
1511
10023
11058
1511
10021
11055
1512
10021
11062
1516
10009
11070
1529
10008
11075
1539
10010
11072
1551
10008
11070
1556
10010
11038
1560
10010
11068
1571
10013
11066
1572
10012
11069
1574
10013
11057
1574
10011
11062
1574
10012
11051
1585
10013
11072
1590
10008
11069
1598
10011
11066
1609
10011
11063
1621
10021
11053
1621
10021
11043
1621
10019
11058
1621
10008
11061
1630
10009
11062
1638
10010
11067
1647
10011
11069
1658
10008
11066
1665
10012
11036
1666
10011
11070
1676
10010
11071
1684
10012
11072
1685
10010
11052
1697
10005
11075
1705
10008
11076
1717
10010
11079
1727
10009
11081
1727
10011
11045
1727
10011
11055
1727
10009
11052
1739
10008
11079
1748
10009
11076
1761
10007
11075
1773
10009
11074
1780
10008
11042
1782
10007
11070
1792
10009
11068
1805
10008
11069
1808
10009
11053
1815
10010
11072
1822
10014
11058
1823
10014
11042
1825
10010
11074
1835
10009
11077
1842
10010
11081
1842
10011
11057
1842
10011
11053
1842
10010
11043
1849
10011
11084
1860
10011
11086
1887
10041
11062
1887
10042
11058
1887
10042
11052
1887
10042
11069
1887
10044
11081
1887
10042
11074
1932
10019
11079
1932
10019
11067
1932
10018
11074
1949
10024
11052
1949
10024
11058
1949
10024
11062
1949
10024
11069
1950
10023
11081
1950
10023
11074
1978
10010
11079
1978
10009
11067
1995
10045
11058
1995
10045
11066
1995
10045
11062
1995
10045
11052
1995
10045
11072
1995
10045
11084
2037
10018
11082
2038
10019
11070
2038
10018
11075
2040
10026
11042
2056
10029
11058
2056
10029
11066
2056
10029
11062
2056
10029
11052
2056
10029
11072
2056
10029
11084
2088
10011
11082
2088
10010
11070
2104
10028
11084
2104
10030
11072
2104
10025
11057
2104
10025
11055
2104
10025
11051
2104
10025
11041
2147
10012
11082
2147
10011
11070
2149
10014
11042
2166
10011
11057
2167
10009
11051
2167
10010
11055
2167
10011
11072
2167
10011
11084
2186
10011
11082
2186
10011
11070
2195
10008
11042
2205
10011
11084
2205
10010
11072
2223
10009
11057
2223
10009
11055
2223
10007
11051
2223
10010
11041
2224
10011
11070
2224
10010
11082
2243
10012
11072
2243
10012
11084
2252
10010
11042
2262
10019
11084
2262
10018
11072
2280
10022
11042
2296
10011
11084
2296
10011
11072
2314
10012
11042
2330
10012
11084
2330
10011
11072
2331
10030
11042
2332
10029
11052
2333
10027
11058
2367
10015
11084
2367
10015
11072
2371
10011
11042
2387
10015
11042
2388
10011
11052
2388
10011
11058
2388
10011
11072
2388
10011
11084
2400
10009
11082
2412
10011
11079
2425
10010
11077
2439
10025
11057
2439
10025
11055
2439
10025
11051
2439
10025
11041
2439
10009
11075
2450
10006
11072
2462
10011
11077
2473
10007
11075
2483
10009
11072
2488
10014
11042
2494
10011
11070
2506
10011
11057
2506
10009
11055
2506
10010
11051
2506
10011
11067
2517
10009
11070
2526
10010
11072
2534
10009
11075
2541
10004
11078
2550
10010
11077
2559
10009
11041
2559
10009
11058
2559
10011
11079
2570
10008
11082
2578
10008
11079
2584
10010
11080
2590
10009
11081
2597
10007
11084
2605
10006
11081
2605
10010
11041
2605
10010
11058
2613
10008
11080
2619
10009
11079
2624
10010
11042
2624
10010
11052
2629
10009
11077
2636
10009
11075
2644
10010
11072
2651
10009
11075
2659
10010
11077
2665
10007
11075
2670
10009
11074
2674
10025
11057
2674
10025
11055
2674
10025
11051
2674
10025
11041
2679
10007
11072
2690
10007
11071
2697
10007
11070
2704
10008
11068
2712
10010
11065
2723
10009
11062
2724
10018
11042
2741
10010
11057
2741
10009
11055
2741
10009
11051
2741
10010
11060
2756
10010
11062
2769
10009
11065
2784
10010
11069
2788
10008
11057
2788
10008
11055
2788
10006
11051
2788
10009
11041
2796
10008
11072
2806
10009
11074
2817
10010
11077
2828
10008
11079
2839
10012
11042
2840
10008
11080
2855
10031
11052
2855
10032
11058
2855
10032
11042
2856
10009
11081
2868
10008
11084
2879
10007
11086
2891
10007
11089
2900
10009
11092
2911
10031
11058
2911
10031
11052
2911
10032
11042
2911
10008
11093
2924
10007
11096
2934
10006
11098
2947
10007
11101
2956
10008
11103
2968
10009
11101
2981
10008
11098
2998
10019
11101
3021
10014
11100
3033
10009
11098
3047
10008
11096
3060
10015
11098
3072
10011
11094
3084
10013
11096
3086
10007
11092
3097
10008
11093
3111
10009
11089
3120
10008
11092
3128
10006
11093
3134
10003
11087
3139
10007
11089
3143
10011
11090
3147
10014
11091
3162
10010
11089
3171
10006
11086
3182
10010
11084
3182
10004
11090
3190
10010
11091
3198
10009
11090
3206
10009
11089
3218
10005
11088
3221
10011
11091
3227
10013
11090
3234
10004
11089
3238
10004
11086
3247
10014
11084
3247
10002
11082
3259
10010
11082
3267
10006
11079
3274
10006
11080
3286
10008
11081
3293
10009
11084
3299
10007
11086
3309
10010
11089
3310
10008
11084
3318
10007
11081
3327
10015
11084
3337
10013
11086
3348
10012
11089
3349
10003
11084
3356
10008
11081
3368
10014
11084
3378
10009
11086
3387
10010
11089
3391
10005
11081
3398
10009
11081
3408
10015
11084
3419
10015
11086
3431
10011
11089
3440
10010
11089
3445
10007
11081
3454
10009
11081
3465
10017
11084
3474
10012
11086
3485
10011
11089
3486
10006
11081
3497
10010
11089
3508
10010
11081
3521
10010
11081
3532
10010
11084
3542
10011
11086
3546
10007
11089
3552
10009
11081
3564
10015
11081
3576
10007
11084
3576
10006
11086
3587
10007
11089
3597
10006
11089
3599
10003
11081
3610
10011
11086
3623
10006
11089
3635
10012
11086
3638
10005
11089
3648
10006
11089
3652
10003
11081
3661
10012
11081
3671
10010
11084
3681
10011
11086
3695
10007
11087
3710
10013
11089
3721
10013
11085
3733
10014
11086
3744
10011
11082
3757
10011
11084
3769
10010
11079
3781
10010
11080
3795
10007
11081
3804
10011
11084
3818
10011
11079
3835
10009
11077
3846
10010
11075
3860
10010
11074
3873
10007
11072
3886
10014
11070
3900
10012
11069
3914
10014
11065
3927
10009
11063
3940
10007
11060
3941
10016
11062
3944
10004
11063
3955
10008
11061
3958
10010
11041
3964
10012
11062
3969
10043
11051
3969
10045
11057
3972
10012
11065
3979
10011
11067
3988
10010
11068
4000
10012
11069
4013
10012
11072
4022
10009
11067
4041
10016
11067
4057
10011
11069
4074
10010
11067
4088
10010
11070
4088
10011
11036
4102
10011
11069
4103
10029
11055
4103
10028
11058
4118
10011
11065
4133
10011
11063
4146
10012
11064
4164
10008
11067
4175
10009
11070
4191
10009
11072
4192
10038
11062
4192
10038
11052
4192
10037
11057
4192
10037
11058
4192
10036
11043
4204
10012
11072
4215
10012
11074
4223
10012
11077
4228
10011
11079
4240
10013
11084
4252
10011
11086
4271
10010
11089
4271
10007
11088
4282
10013
11089
4294
10011
11091
4303
10009
11092
4315
10009
11093
4315
10024
11057
4315
10025
11055
4315
10023
11041
4315
10025
11051
4328
10010
11096
4340
10011
11101
4353
10011
11096
4366
10018
11096
4366
10018
11101
4368
10009
11041
4368
10009
11057
4368
10009
11055
4368
10009
11051
4388
10011
11096
4388
10010
11101
4403
10019
11096
4403
10018
11101
4420
10008
11057
4420
10008
11055
4420
10006
11051
4420
10008
11041
4425
10013
11096
4425
10012
11101
4449
10009
11096
4449
10011
11101
4468
10012
11096
4468
10011
11101
4474
10011
11042
4485
10010
11089
4488
10029
11058
4488
10028
11052
4502
10011
11087
4519
10010
11084
4534
10011
11087
4538
10013
11042
4549
10010
11089
4555
10012
11052
4555
10011
11058
4563
10010
11087
4578
10011
11084
4595
10009
11082
4610
10007
11078
4611
10024
11052
4611
10024
11057
4611
10022
11041
4611
10022
11055
4614
10010
11079
4628
10009
11081
4642
10014
11084
4658
10019
11041
4658
10022
11057
4658
10021
11055
4658
10021
11052
4671
10009
11081
4690
10010
11082
4703
10010
11083
4707
10023
11042
4707
10024
11058
4707
10024
11052
4706
10021
11093
4718
10008
11084
4728
10013
11085
4740
10006
11088
4749
10015
11084
4753
10014
11042
4753
10014
11058
4753
10013
11052
4759
10013
11089
4759
10010
11092
4772
10011
11093
4782
10011
11092
4792
10008
11084
4799
10009
11088
4807
10034
11084
4807
10036
11058
4807
10036
11048
4807
10036
11051
4808
10011
11091
4812
10010
11093
4827
10015
11089
4843
10011
11086
4857
10012
11077
4861
10011
11051
4861
10012
11058
4861
10010
11048
4865
10011
11084
4865
10009
11088
4880
10015
11077
4897
10013
11083
4912
10025
11051
4912
10024
11057
4912
10023
11041
4913
10019
11072
4940
10007
11084
4948
10009
11074
4952
10011
11075
4952
10009
11076
4964
10010
11057
4964
10010
11041
4964
10009
11051
4964
10010
11072
4975
10013
11077
4992
10011
11072
5007
10012
11075
5023
10009
11072
5025
10007
11051
5025
10008
11057
5025
10008
11041
5042
10012
11077
5057
10008
11072
5071
10014
11075
5073
10027
11057
5073
10026
11051
5073
10025
11041
5088
10010
11077
5104
10010
11072
5119
10018
11079
5133
10011
11048
5133
10011
11041
5133
10011
11057
5134
10009
11074
5140
10010
11075
5153
10009
11072
5160
10010
11048
5160
10011
11041
5160
10010
11057
5163
10011
11077
5177
10009
11072
5182
10017
11055
5191
10012
11072
5191
10013
11075
5202
10011
11076
5212
10009
11072
5221
10021
11077
5221
10025
11055
5221
10025
11057
5221
10025
11041
5221
10025
11051
5236
10009
11074
5247
10010
11072
5260
10009
11065
5275
10014
11065
5277
10041
11057
5277
10041
11053
5277
10041
11046
5288
10010
11070
5312
10015
11065
5325
10013
11070
5337
10049
11058
5337
10049
11055
