0
10007
27419
11
10011
11052
11
10007
27419
22
10012
11061
22
10007
27426
22
10007
27440
22
10007
27419
44
10007
27440
55
10012
11052
55
10008
11064
55
10007
27426
55
10007
27419
77
10007
27426
88
10011
11048
88
10018
11052
88
10007
27426
88
10007
27419
99
10012
11055
110
10010
11057
110
10007
27426
120
10010
11064
120
10006
11060
120
10007
27426
120
10007
27421
142
10007
27426
142
10007
27419
153
10011
11048
153
10009
11060
153
10011
11064
153
10007
27430
153
10007
27419
197
10011
11048
197
10007
27426
197
10007
27419
208
10011
11052
208
10007
27426
219
10011
11055
219
10007
27426
230
10011
11057
230
10007
27426
241
10010
11064
241
10005
11060
241
10007
27426
241
10007
27421
263
10007
27426
274
10009
11048
274
10009
11057
274
10010
11060
274
10007
27426
274
10007
27419
285
10007
27430
296
10007
27440
307
10012
11048
307
10007
27426
307
10007
27419
318
10011
11052
318
10007
27426
329
10011
11055
329
10007
27426
340
10011
11057
340
10007
27426
340
10007
27421
351
10008
11064
351
10007
11060
351
10007
27426
351
10007
27419
362
10007
27426
372
10011
11048
372
10011
11057
372
10012
11064
372
10012
11060
372
10007
27426
372
10007
27419
383
10007
27426
394
10007
27426
405
10011
11048
405
10007
27426
405
10007
27419
416
10011
11052
427
10009
11055
427
10007
27426
438
10009
11064
438
10007
11060
438
10007
27426
438
10007
27421
460
10007
11060
460
10006
11064
460
10007
27426
460
10007
27419
471
10011
11060
471
10009
11064
471
10007
27430
471
10007
27419
493
10008
11062
493
10006
11065
504
10011
11067
504
10007
27426
504
10007
27419
515
10011
11064
526
10006
11060
526
10007
27426
537
10011
11055
537
10007
27426
548
10011
11052
548
10007
27426
559
10007
27426
570
10011
11048
570
10007
27426
570
10007
27421
581
10007
27426
591
10007
27426
602
10011
11064
602
10011
11055
602
10011
11060
602
10007
27426
602
10007
27419
613
10007
27430
624
10007
27440
624
10007
27432
635
10011
11064
635
10011
11055
635
10011
11060
635
10007
27426
635
10007
27419
646
10007
27432
646
10007
27426
657
10011
11048
657
10007
27426
668
10011
11045
668
10011
11040
668
10011
11038
668
10011
11064
668
10011
11055
668
10011
11060
668
10007
27426
668
10007
27431
668
10007
27421
679
10007
27426
690
10007
27426
701
10011
11064
701
10011
11055
701
10011
11060
701
10007
27426
701
10007
27419
712
10007
27426
723
10012
11059
723
10007
27426
723
10007
27433
723
10007
27419
734
10010
11060
734
10007
27426
734
10007
27419
745
10007
11067
745
10008
11069
745
10007
27426
745
10007
27440
756
10007
27426
756
10007
27440
767
10007
27426
767
10007
27419
778
10006
11067
778
10006
11069
778
10007
27430
778
10007
27424
789
10011
11069
789
10006
11067
789
10007
27424
789
10007
27426
789
10007
27421
799
10007
27426
810
10007
27426
821
10010
11048
821
10007
27419
821
10007
27426
832
10011
11052
832
10007
27426
843
10006
11053
843
10007
27426
854
10009
11067
854
10008
11069
854
10007
27426
854
10007
27419
865
10006
11071
876
10007
27426
887
10011
11048
887
10009
11067
887
10007
11069
887
10007
27426
887
10007
27421
887
10007
27440
898
10010
11052
898
10007
27430
909
10008
11053
909
10007
27440
920
10010
11069
920
10007
11067
920
10007
27426
920
10007
27419
931
10006
11071
931
10007
27426
942
10007
27426
953
10014
11043
953
10005
11069
953
10007
27426
953
10007
27419
964
10011
11047
964
10007
27424
975
10006
11048
975
10007
27424
975
10007
27426
986
10008
11067
986
10009
11064
986
10007
27426
986
10007
27421
997
10007
27426
1008
10007
27426
1008
10007
27419
1018
10007
27430
1029
10007
27440
1040
10011
11048
1040
10007
27426
1040
10007
27419
1051
10011
11052
1051
10007
27426
1062
10012
11060
1062
10007
27426
1073
10011
11064
1073
10007
27426
1084
10007
27426
1084
10007
27421
1095
10008
11062
1095
10007
27426
1095
10007
27419
1106
10011
11047
1106
10007
27426
1106
10007
27419
1117
10008
11048
1117
10007
27426
1128
10007
27426
1139
10011
11059
1139
10007
27426
1139
10007
27419
1150
10012
11050
1150
10007
27430
1161
10006
11052
1161
10007
27440
1172
10007
27426
1172
10007
27419
1183
10009
11045
1183
10007
27426
1194
10007
27426
1205
10011
11048
1205
10007
27426
1216
10008
11052
1216
10007
27424
1216
10007
27426
1226
10007
11057
1226
10007
27424
1226
10007
27426
1238
10007
27426
1238
10007
27419
1248
10007
27430
1259
10004
11060
1259
10011
11064
1259
10009
11067
1259
10011
11052
1259
10012
11048
1259
10008
11057
1259
10007
27440
1281
10007
27426
1281
10007
27419
1292
10009
11065
1292
10008
11062
1292
10006
11050
1292
10008
11047
1292
10006
11059
1292
10007
27426
1292
10007
27419
1303
10007
27424
1303
10007
27426
1314
10007
27426
1314
10007
27421
1325
10013
11064
1325
10018
11060
1325
10014
11057
1325
10018
11045
1325
10018
11048
1325
10007
27426
1325
10007
27419
1336
10007
27426
1347
10007
27426
1358
10007
27426
1369
10007
27426
1380
10007
27426
1380
10007
27419
1391
10007
27426
1401
10009
11064
1401
10008
11071
1401
10009
11044
1401
10005
11056
1401
10011
11047
1401
10011
11052
1401
10007
27426
1401
10007
27424
1412
10007
27424
1412
10007
27426
1412
10007
27419
1424
10008
11071
1424
10008
11056
1424
10005
11064
1424
10009
11044
1424
10010
11047
1424
10009
11052
1424
10007
27430
1424
10007
27424
1424
10007
27419
1434
10007
27440
1434
10007
27424
1445
10008
11071
1445
10007
11056
1445
10007
11064
1445
10009
11044
1445
10005
11052
1445
10008
11047
1445
10007
27426
1445
10007
27424
1456
10007
27424
1456
10007
27426
1467
10007
11064
1467
10011
11068
1467
10011
11044
1467
10006
11056
1467
10009
11047
1467
10005
11052
1467
10008
11040
1467
10007
27426
1467
10007
27419
1478
10007
27424
1478
10007
27426
1489
10007
27424
1489
10007
27426
1500
10007
27426
1511
10007
27426
1511
10007
27419
1522
10007
27426
1533
10007
27426
1544
10007
27426
1555
10007
27426
1555
10007
27419
1565
10007
27426
1566
10007
27424
1576
10007
27424
1576
10007
27426
1576
10007
27419
1588
10007
27424
1588
10007
27426
1599
10007
27426
1599
10007
27419
1609
10007
27424
1609
10007
27430
1620
10007
27440
1621
10007
27424
1632
10007
27424
1632
10007
27426
1632
10007
27419
1642
10007
27424
1642
10007
27426
1653
10009
11069
1653
10011
11052
1653
10007
27426
1653
10007
27433
1664
10008
11072
1664
10012
11055
1664
10007
27424
1664
10007
27426
1675
10009
11076
1675
10010
11057
1675
10007
27426
1675
10007
27421
1686
10011
11081
1686
10010
11064
1686
10006
11060
1686
10007
27426
1686
10007
27419
1697
10007
27426
1708
10009
11079
1708
10007
27426
1719
10011
11048
1719
10018
11052
1719
10007
27426
1719
10007
27419
1730
10012
11055
1730
10007
27430
1741
10010
11057
1741
10007
27440
1752
10010
11064
1752
10006
11060
1752
10007
27426
1752
10007
27419
1763
10007
27426
1774
10007
27426
1785
10011
11048
1785
10018
11052
1785
10007
27426
1785
10007
27419
1796
10012
11055
1796
10007
27424
1807
10010
11057
1807
10007
27424
1807
10007
27426
1818
10010
11064
1818
10006
11060
1818
10007
27426
1818
10007
27421
1829
10007
27426
1840
10007
27426
1840
10007
27419
1851
10009
11048
1851
10009
11057
1851
10010
11060
1851
10007
27430
1862
10007
27440
1872
10007
27426
1872
10007
27419
1883
10012
11048
1883
10007
27426
1894
10011
11052
1894
10007
27426
1905
10011
11055
1905
10007
27426
1916
10011
11057
1916
10007
27426
1916
10007
27421
1927
10008
11064
1927
10007
11060
1927
10007
27426
1927
10007
27419
1938
10007
27426
1938
10007
27419
1949
10011
11048
1949
10011
11057
1949
10012
11064
1949
10012
11060
1949
10007
27426
1960
10007
27426
1971
10007
27426
1971
10007
27419
1982
10011
11048
1982
10007
27430
1993
10011
11052
1993
10007
27440
2004
10009
11055
2004
10007
27426
2004
10007
27419
2015
10009
11064
2015
10007
11060
2015
10007
27426
2026
10007
27426
2037
10011
11060
2037
10009
11064
2037
10007
27426
2048
10007
27426
2059
10008
11062
2059
10006
11065
2059
10007
27424
2059
10007
27426
2070
10011
11067
2070
10007
27426
2081
10011
11064
2081
10007
27426
2091
10006
11060
2091
10007
27426
2102
10011
11055
2102
10007
27426
2113
10011
11052
2113
10007
27426
2123
10007
27426
2135
10011
11048
2135
10007
27426
2146
10007
27426
2146
10007
27419
2157
10007
27426
2157
10007
27419
2168
10007
27426
2168
10007
27421
2179
10007
27440
2179
10007
27426
2190
10007
27426
2190
10007
27419
2201
10007
27426
2212
10007
27426
2223
10007
27426
2223
10007
27419
2234
10007
27430
2245
10007
27440
2245
10007
27424
2245
10007
27426
2245
10007
27419
2256
10007
27424
2256
10007
27426
2267
10007
27424
2267
10007
27426
2277
10007
27426
2277
10007
27419
2278
10007
27424
2278
10007
27422
2288
10007
27424
2288
10007
27426
2299
10007
27424
2299
10007
27426
2310
10007
27424
2310
10007
27426
2310
10007
27419
2321
10007
27426
2332
10007
27424
2332
10007
27426
2332
10007
27419
2343
10007
27426
2354
10007
27426
2365
10007
27426
2365
10007
27419
2376
10007
27440
2387
10007
27426
2398
10007
27430
2398
10007
27419
2409
10007
27430
2409
10007
27424
2420
10007
27426
2431
10007
27424
2431
10007
27426
2442
10011
11064
2442
10011
11055
2442
10011
11060
2442
10007
27426
2442
10007
27419
2453
10007
27426
2453
10007
27424
2464
10007
27424
2464
10007
27426
2474
10011
11064
2474
10011
11055
2474
10011
11060
2474
10007
27426
2474
10007
27424
2485
10007
27426
2485
10007
27424
2496
10011
11064
2496
10011
11055
2496
10011
11060
2496
10007
27426
2496
10007
27419
2496
10007
27424
2507
10007
27426
2507
10007
27424
2518
10011
11050
2518
10011
11043
2518
10011
11046
2518
10007
27424
2518
10007
27426
2529
10007
27426
2529
10007
27424
2529
10007
27419
2540
10007
27426
2540
10007
27424
2551
10007
27424
2551
10007
27426
2562
10011
11058
2562
10011
11050
2562
10011
11055
2562
10007
27424
2562
10007
27419
2562
10007
27426
2573
10007
27426
2584
10007
27426
2595
10007
27426
2606
10007
27426
2606
10007
27421
2617
10007
27426
2617
10007
27419
2628
10007
27426
2639
10007
27426
2650
10007
27426
2661
10007
27430
2661
10007
27419
2672
10011
11064
2672
10011
11055
2672
10011
11060
2672
10007
27440
2694
10007
27419
2695
10007
27426
2699
10007
27426
2701
10007
27426
2704
10007
27426
2705
10011
11064
2705
10011
11055
2705
10011
11060
2705
10007
27426
2715
10007
27426
2726
10011
11048
2726
10011
11045
2726
10011
11040
2726
10007
27419
2726
10007
27440
2728
10007
27426
2734
10007
27426
2737
10009
11064
2737
10006
11060
2737
10012
11057
2737
10007
27426
2737
10007
27421
2737
10007
27440
2737
10007
27424
2742
10007
27426
2746
10007
27426
2747
10007
27426
2747
10007
27419
2759
10010
11067
2759
10012
11052
2759
10007
27426
2770
10007
11055
2770
10007
27426
2781
10012
11069
2781
10008
11064
2781
10006
11060
2781
10007
27426
2781
10007
27419
2792
10007
27430
2803
10007
27440
2814
10011
11048
2814
10011
11045
2814
10011
11040
2814
10007
27426
2814
10007
27419
2825
10011
11052
2825
10007
27426
2836
10012
11060
2836
10007
27426
2847
10011
11064
2847
10008
11057
2847
10007
27426
2857
10007
27426
2857
10007
27421
2868
10007
11060
2868
10008
11064
2868
10005
11057
2868
10007
27426
2868
10007
27419
2879
10011
11062
2879
10010
11067
2879
10008
11058
2879
10007
27426
2879
10007
27419
2890
10011
11048
2890
10011
11045
2890
10011
11040
2890
10007
27426
2901
10011
11052
2901
10007
27426
2912
10012
11060
2912
10007
27426
2912
10007
27419
2923
10011
11064
2923
10008
11057
2923
10007
27430
2934
10007
27440
2945
10007
27426
2945
10007
27419
2956
10009
11048
2956
10009
11045
2956
10009
11040
2956
10007
27426
2967
10011
11052
2967
10007
27426
2967
10007
27419
2978
10012
11060
2978
10007
27426
2989
10011
11064
2989
10007
27426
3000
10010
11067
3000
10008
11062
3000
10009
11058
3000
10007
27424
