0
10025
11060
0
10025
11057
0
10025
11053
0
10025
11050
0
10050
11045
25
10025
11064
25
10025
11060
25
10025
11057
25
10025
11053
25
10025
11050
50
10300
11065
50
10300
11060
50
10300
11057
50
10300
11053
50
10300
11050
75
10025
11029
75
10025
11017
100
10025
11033
100
10025
11021
125
10025
11034
125
10025
11022
150
10025
11035
150
10025
11023
175
10200
11036
175
10200
11024
275
10000
27512
375
10000
27512
400
10025
11065
400
10025
11062
400
10025
11060
400
10025
11057
400
10025
11053
400
10400
11048
400
10025
11045
425
10025
11065
425
10025
11062
425
10025
11060
425
10025
11057
425
10025
11053
425
10025
11029
425
10025
11017
450
10050
11064
450
10050
11060
450
10050
11058
450
10050
11055
450
10050
11052
450
10025
11033
450
10025
11021
475
10025
11034
475
10025
11022
500
10050
11065
500
10050
11062
500
10050
11060
500
10050
11057
500
10050
11053
500
10025
11035
500
10025
11023
525
10200
11036
525
10200
11024
550
10025
11070
550
10025
11067
550
10025
11061
550
10025
11058
550
10025
11052
575
10025
11070
575
10025
11067
575
10025
11061
575
10025
11058
575
10025
11052
600
10025
11069
600
10025
11065
600
10025
11057
600
10025
11053
625
10025
11065
625
10025
11062
625
10025
11060
625
10025
11057
625
10025
11053
650
10025
11067
650
10025
11064
650
10025
11060
650
10025
11058
650
10025
11055
675
10025
11062
675
10025
11057
675
10025
11053
700
10025
11065
700
10025
11062
700
10025
11060
700
10025
11057
700
10025
11053
725
10025
11065
725
10025
11061
725
10025
11059
725
10025
11056
725
10025
11053
725
10075
11036
725
10075
11024
750
10050
11064
750
10050
11060
750
10050
11058
750
10050
11055
750
10050
11052
800
10025
11065
800
10025
11062
800
10025
11060
800
10025
11057
800
10025
11053
800
10100
11036
800
10100
11024
825
10025
11065
825
10025
11062
825
10025
11060
825
10025
11057
825
10025
11053
850
10050
11064
850
10050
11060
850
10050
11058
850
10050
11055
850
10050
11052
900
10250
11065
900
10250
11062
900
10250
11060
900
10250
11057
900
10250
11053
900
10025
11029
900
10025
11017
925
10025
11033
925
10025
11021
950
10025
11034
950
10025
11022
975
10025
11035
975
10025
11023
1000
10100
11036
1000
10200
11024
1100
10000
27512
1200
10000
27512
1225
10025
11065
1225
10025
11060
1225
10025
11057
1225
10025
11053
1225
10025
11050
1250
10025
11065
1250
10025
11060
1250
10025
11057
1250
10025
11053
1250
10025
11050
1275
10025
11062
1275
10025
11060
1275
10025
11057
1275
10025
11053
1275
10025
11050
1300
10025
11062
1300
10025
11060
1300
10025
11057
1300
10025
11053
1300
10025
11050
1325
10025
11062
1325
10025
11060
1325
10025
11057
1325
10025
11053
1325
10025
11050
1350
10025
11062
1350
10025
11060
1350
10025
11057
1350
10025
11053
1350
10025
11050
1375
10025
11070
1375
10025
11067
1375
10025
11061
1375
10025
11058
1375
10025
11052
1400
10025
11070
1400
10025
11067
1400
10025
11061
1400
10025
11058
1400
10025
11052
1425
10025
11065
1425
10025
11062
1425
10025
11060
1425
10025
11057
1425
10025
11053
1450
10025
11067
1450
10025
11064
1450
10025
11058
1450
10025
11055
1450
10025
11048
1475
10025
11062
1475
10025
11057
1475
10025
11053
1500
10025
11065
1500
10025
11062
1500
10025
11057
1500
10025
11053
1525
10025
11064
1525
10025
11060
1525
10025
11058
1525
10025
11052
1550
10025
11062
1550
10025
11057
1550
10025
11053
1575
10075
11064
1575
10075
11062
1575
10075
11058
1575
10075
11055
1575
10050
11052
1575
10050
11036
1575
10050
11024
1625
10050
11024
1625
10050
11036
1675
10025
11055
1675
10025
11024
1675
10025
11036
1700
10038
11064
1700
10038
11062
1700
10038
11058
1700
10038
11055
1700
10025
11024
1700
10025
11036
1750
10025
11060
1775
10050
11065
1775
10050
11062
1775
10050
11058
1775
10050
11057
1775
10050
11053
1825
10025
11062
1850
10025
11060
1875
10100
11065
1875
10100
11062
1875
10100
11058
1875
10025
11055
1875
10025
11036
1925
10025
11048
1975
10025
11055
2000
10038
11064
2000
10038
11062
2000
10038
11058
2000
10038
11055
2000
10025
11048
2050
10025
11062
2050
10025
11050
2075
10075
11064
2075
10075
11062
2075
10075
11058
2075
10075
11055
2075
10050
11052
2125
10050
11024
2150
10025
11055
2175
10025
11064
2175
10025
11062
2175
10025
11058
2175
10025
11055
2175
10050
11024
2200
10025
11064
2200
10025
11062
2200
10025
11058
2200
10025
11055
2225
10050
11065
2225
10050
11062
2225
10050
11058
2225
10050
11057
2225
10050
11053
2250
10025
11048
2275
10050
11065
2275
10050
11062
2275
10050
11058
2275
10050
11057
2275
10050
11053
2325
10025
11055
2325
10025
11048
2350
10025
11064
2350
10025
11062
2350
10025
11058
2350
10025
11055
2350
10025
11024
2375
10025
11060
2375
10025
11048
2400
10025
11058
2400
10025
11048
2425
10100
11065
2425
10100
11062
2425
10100
11058
2425
10100
11057
2425
10050
11036
2475
10050
11024
2525
10025
11055
2525
10025
11024
2550
10025
11064
2550
10025
11060
2575
10025
11060
2600
10025
11058
2625
10075
11064
2625
10075
11062
2625
10075
11058
2625
10075
11055
2625
10050
11024
2650
10025
11048
2675
10025
11024
2700
10025
11065
2700
10025
11062
2700
10025
11055
2700
10025
11048
2725
10025
11065
2725
10025
11062
2725
10025
11055
2725
10025
11048
2750
10025
11060
2750
10025
11050
2775
10050
11060
2775
10075
11064
2775
10075
11062
2775
10075
11058
2775
10075
11055
2775
10050
11048
2825
10050
11024
2850
10025
11055
2875
10025
11064
2875
10025
11062
2875
10025
11058
2875
10025
11055
2875
10050
11024
2900
10025
11055
2925
10025
11064
2925
10025
11062
2925
10025
11058
2925
10025
11055
2925
10025
11024
2950
10025
11060
2950
10025
11038
2975
10025
11058
2975
10025
11040
3000
10075
11065
3000
10075
11062
3000
10075
11058
3000
10075
11057
3000
10050
11053
3000
10050
11041
3050
10050
11053
3075
10075
11065
3075
10075
11062
3075
10075
11058
3075
10075
11057
3100
10050
11053
3150
10025
11065
3150
10025
11062
3150
10025
11058
3150
10025
11057
3150
10050
11053
3175
10050
11065
3175
10050
11062
3175
10050
11058
3175
10050
11057
3200
10025
11050
3225
10025
11065
3225
10025
11062
3225
10025
11058
3225
10025
11057
3225
10025
11045
3250
10050
11065
3250
10050
11062
3250
10050
11058
3250
10050
11057
3250
10025
11050
3275
10025
11050
3300
10025
11065
3300
10025
11062
3300
10025
11058
3300
10025
11057
3300
10025
11050
3325
10025
11065
3325
10025
11062
3325
10025
11058
3325
10025
11057
3325
10025
11050
3350
10025
11065
3350
10025
11062
3350
10025
11058
3350
10025
11057
3350
10025
11050
3375
10025
11065
3375
10025
11062
3375
10025
11058
3375
10025
11057
3375
10025
11050
3400
10025
11065
3400
10025
11062
3400
10025
11058
3400
10025
11057
3400
10025
11050
3425
10200
11069
3425
10200
11064
3425
10200
11060
3425
10200
11058
3425
10200
11057
3425
10200
11050
3425
10200
11050
3525
10000
27512
3625
10000
27512
3675
10025
11062
3675
10025
11060
3675
10025
11057
3675
10025
11053
3675
10025
11050
3700
10025
11065
3700
10025
11062
3700
10025
11060
3700
10025
11057
3700
10025
11053
3700
10075
11029
3700
10075
11017
3725
10025
11064
3725
10025
11060
3725
10025
11057
3725
10025
11053
3725
10025
11050
3750
10250
11065
3750
10250
11062
3750
10250
11060
3750
10250
11057
3750
10250
11053
3775
10025
11029
3775
10025
11017
3800
10025
11033
3800
10025
11021
3825
10025
11034
3825
10025
11022
3850
10025
11035
3850
10025
11023
3875
10200
11036
3875
10200
11024
3975
10000
27512
4025
10025
11065
4025
10025
11062
4025
10025
11060
4025
10025
11057
4025
10025
11053
4050
10025
11065
4050
10025
11062
4050
10025
11060
4050
10025
11057
4050
10025
11053
4075
10025
11062
4075
10025
11060
4075
10025
11057
4075
10025
11053
4075
10025
11050
4100
10025
11062
4100
10025
11060
4100
10025
11057
4100
10025
11053
4100
10025
11050
4125
10025
11062
4125
10025
11060
4125
10025
11057
4125
10025
11053
4125
10025
11050
4150
10025
11065
4150
10025
11062
4150
10025
11060
4150
10025
11057
4150
10025
11053
4150
10025
11029
4150
10025
11017
4175
10025
11065
4175
10025
11062
4175
10025
11060
4175
10025
11057
4175
10025
11053
4175
10025
11033
4175
10025
11021
4200
10025
11064
4200
10025
11060
4200
10025
11058
4200
10025
11055
4200
10025
11052
4200
10025
11034
4200
10025
11022
4225
10025
11055
4225
10025
11034
4225
10025
11022
4250
10025
11062
4250
10025
11058
4250
10025
11055
4250
10025
11052
4250
10025
11048
4250
10025
11024
4275
10025
11062
4275
10025
11058
4275
10025
11055
4275
10025
11052
4275
10025
11048
4275
10025
11024
4300
10025
11060
4300
10025
11058
4300
10025
11055
4300
10025
11052
4300
10025
11048
4300
10025
11024
4325
10025
11062
4325
10025
11058
4325
10025
11055
4325
10025
11052
4325
10025
11048
4325
10025
11024
4350
10025
11060
4350
10025
11058
4350
10025
11055
4350
10025
11052
4350
10025
11048
4350
10025
11024
4375
10075
11064
4375
10075
11062
4375
10075
11058
4375
10075
11055
4375
10075
11052
4375
10025
11048
4375
10025
11024
4400
10025
11024
4425
10025
11024
4450
10050
11067
4450
10050
11064
4450
10050
11060
4450
10025
11048
4450
10025
11024
4475
10025
11024
4500
10025
11062
4500
10025
11048
4500
10025
11024
4525
10050
11065
4525
10050
11062
4525
10050
11060
4525
10050
11057
4525
10050
11053
4525
10025
11024
4550
10025
11024
4575
10025
11062
4575
10025
11048
4575
10025
11024
4600
10025
11060
4600
10025
11024
4625
10075
11065
4625
10075
11062
4625
10075
11060
4625
10075
11057
4625
10075
11053
4625
10025
11024
4650
10025
11024
4675
10025
11024
4700
10025
11062
4700
10025
11048
4700
10025
11024
4725
10025
11062
4725
10025
11024
4750
10025
11064
4750
10025
11060
4750
10025
11058
4750
10025
11048
4750
10025
11024
4775
10025
11067
4775
10025
11024
4800
10025
11072
4800
10025
11024
4825
10025
11077
4825
10025
11024
4850
10025
11055
4850
10025
11024
4875
10025
11064
4875
10025
11060
4875
10025
11058
4875
10025
11024
4900
10025
11060
4900
10025
11024
4925
10025
11067
4925
10025
11024
4950
10075
11065
4950
10075
11062
4950
10075
11060
4950
10075
11057
4950
10025
11029
4950
10025
11017
4975
10025
11033
4975
10025
11021
5000
10025
11034
5000
10025
11022
5025
10050
11065
5025
10050
11062
5025
10050
11060
5025
10050
11057
5025
10025
11035
5025
10025
11023
5050
10025
11036
5050
10025
11024
5075
10050
11065
5075
10050
11062
5075
10050
11060
5075
10050
11057
5075
10025
11024
5100
10025
11024
5125
10025
11055
5125
10025
11024
5150
10025
11064
5150
10025
11062
5150
10025
11058
5150
10025
11055
5150
10025
11024
5175
10025
11060
5175
10025
11024
5200
10025
11055
5200
10025
11024
5225
10075
11065
5225
10075
11062
5225
10075
11058
5225
10075
11057
5225
10075
11053
5225
10025
11024
5250
10025
11024
5275
10025
11024
5300
10025
11065
5300
10025
11062
5300
10025
11058
5300
10025
11057
5300
10025
11053
5300
10025
11024
5325
10025
11065
5325
10025
11062
5325
10025
11058
5325
10025
11057
5325
10025
11053
5325
10025
11024
5350
10025
11055
5350
10025
11024
5375
10050
11064
5375
10050
11062
5375
10050
11058
5375
10050
11055
5375
10050
11048
5375
10050
11036
5425
10050
11062
5425
10050
11060
5425
10050
11058
5425
10050
11055
5425
10025
11024
5450
10025
11024
5475
10050
11064
5475
10050
11062
5475
10050
11058
5475
10050
11055
5475
10050
11048
5475
10050
11036
5525
10050
11065
5525
10050
11062
5525
10050
11060
5525
10050
11057
5525
10025
11024
5550
10025
11024
5575
10050
11065
5575
10050
11062
5575
10050
11060
5575
10050
11057
5575
10050
11048
5575
10050
11036
5625
10025
11055
5625
10025
11024
5650
10025
11064
5650
10025
11062
5650
10025
11058
5650
10025
11055
5650
10025
11048
5650
10025
11024
5675
10025
11060
5675
10025
11024
5700
10025
11058
5700
10025
11024
5725
10025
11070
5725
10025
11068
5725
10025
11064
5725
10025
11062
5725
10025
11048
5725
10025
11024
5750
10025
11067
5750
10025
11024
5775
10025
11060
