0
10008
27420
1
10024
27426
1
10008
27420
2
10019
27422
2
10007
27420
2
10021
27426
2
10010
27420
2
10010
27420
2
10009
27441
2
10010
27420
2
10020
27422
3
10011
27420
3
10021
27426
3
10009
27448
3
10018
27448
17
10019
27426
17
10021
27426
17
10008
27420
17
10008
27420
18
10018
27448
33
10026
27426
33
10008
27420
33
10025
27426
33
10009
27420
33
10020
27420
33
10020
27420
33
10010
27446
35
10033
27420
49
10016
27426
64
10016
27426
64
10008
27420
64
10020
27420
64
10020
27420
64
10010
27446
80
10016
27426
80
10024
27426
80
10008
27420
80
10008
27420
81
10017
27420
81
10008
27446
96
10016
27426
96
10018
27420
96
10021
27420
96
10021
27420
96
10020
27420
96
10010
27438
96
10009
27446
111
10016
27426
127
10016
27426
127
10008
27420
127
10020
27420
127
10021
27420
127
10009
27438
127
10009
27446
143
10016
27426
143
10024
27426
143
10008
27420
143
10015
27420
143
10015
27420
143
10008
27446
159
10016
27426
159
10019
27420
159
10020
27420
159
10020
27420
159
10021
27420
159
10009
27446
174
10016
27426
190
10016
27426
190
10009
27420
190
10018
27420
190
10018
27420
190
10021
27420
190
10009
27446
205
10016
27426
205
10008
27420
205
10020
27420
205
10020
27420
205
10009
27446
221
10016
27426
221
10018
27420
221
10021
27420
221
10021
27420
221
10010
27438
221
10009
27446
237
10016
27426
253
10016
27426
253
10008
27420
253
10019
27420
253
10019
27420
253
10010
27438
253
10010
27446
269
10016
27426
269
10009
27420
269
10020
27420
269
10020
27420
269
10013
27446
284
10009
27446
285
10018
27426
285
10020
27420
285
10021
27420
285
10022
27420
285
10021
27420
285
10009
27446
300
10016
27426
316
10016
27426
316
10009
27420
316
10018
27420
316
10018
27420
316
10022
27420
316
10009
27446
332
10016
27426
332
10009
27420
332
10020
27420
332
10020
27420
332
10009
27446
348
10016
27426
348
10018
27420
348
10021
27420
348
10021
27420
348
10009
27446
348
10009
27438
364
10016
27426
379
10016
27426
379
10008
27420
379
10018
27420
379
10019
27420
379
10008
27438
379
10009
27446
395
10016
27426
395
10009
27420
395
10019
27420
395
10019
27420
395
10009
27446
411
10016
27426
411
10017
27420
411
10020
27420
411
10021
27420
411
10009
27446
427
10016
27426
443
10016
27426
443
10008
27420
443
10018
27420
443
10019
27420
443
10009
27446
459
10016
27426
459
10008
27420
459
10020
27420
459
10020
27420
459
10013
27446
475
10016
27426
475
10019
27420
475
10021
27420
475
10022
27420
475
10009
27438
475
10009
27446
491
10016
27426
506
10016
27426
506
10008
27420
506
10020
27420
506
10020
27420
506
10007
27438
506
10009
27446
522
10016
27426
522
10009
27420
522
10019
27420
522
10019
27420
522
10013
27446
537
10016
27426
537
10019
27420
537
10021
27420
537
10023
27420
537
10009
27446
553
10016
27426
569
10016
27426
569
10009
27420
569
10019
27420
569
10020
27420
569
10009
27446
584
10016
27426
584
10008
27420
584
10019
27420
584
10020
27420
584
10011
27446
599
10009
27446
601
10016
27426
601
10020
27420
601
10022
27420
601
10021
27420
601
10022
27420
601
10009
27446
616
10016
27426
632
10016
27426
632
10009
27420
632
10021
27420
632
10021
27420
632
10009
27446
632
10009
27438
647
10016
27426
647
10008
27420
647
10019
27420
647
10020
27420
647
10011
27446
662
10009
27446
664
10018
27426
664
10021
27420
664
10021
27420
664
10021
27420
664
10022
27420
664
10009
27446
679
10016
27426
695
10016
27426
695
10009
27420
695
10020
27420
695
10020
27420
695
10009
27446
711
10016
27426
711
10016
27420
711
10019
27420
711
10019
27420
711
10011
27446
726
10009
27446
727
10016
27426
727
10019
27420
727
10020
27420
727
10020
27420
727
10009
27438
727
10009
27446
743
10016
27426
758
10016
27426
758
10009
27420
758
10019
27420
758
10020
27420
758
10010
27438
758
10010
27446
774
10016
27426
774
10019
27420
774
10019
27420
774
10019
27420
774
10011
27446
790
10016
27426
790
10017
27420
790
10019
27420
790
10020
27420
790
10009
27446
806
10016
27426
822
10016
27426
822
10009
27420
822
10019
27420
822
10020
27420
822
10010
27446
837
10016
27426
837
10016
27420
837
10019
27420
837
10019
27420
837
10014
27446
853
10016
27426
853
10019
27420
853
10021
27420
853
10021
27420
853
10022
27420
853
10009
27438
853
10009
27446
869
10016
27426
885
10016
27426
885
10009
27420
885
10019
27420
885
10020
27420
885
10010
27438
885
10010
27446
900
10016
27426
900
10009
27420
900
10020
27420
900
10020
27420
900
10013
27446
917
10016
27426
917
10018
27420
917
10020
27420
917
10020
27420
917
10021
27420
917
10011
27446
932
10016
27426
948
10016
27426
948
10008
27420
948
10020
27420
948
10020
27420
948
10020
27420
948
10009
27446
964
10016
27426
964
10016
27420
964
10019
27420
964
10019
27420
964
10016
27446
979
10016
27426
979
10018
27420
979
10019
27420
979
10019
27420
979
10009
27446
979
10009
27438
995
10016
27426
1011
10016
27426
1011
10009
27420
1011
10021
27420
1011
10021
27420
1011
10010
27446
1011
10009
27438
1027
10016
27426
1027
10009
27420
1027
10016
27420
1027
10017
27420
1027
10017
27446
1043
10009
27446
1043
10018
27426
1043
10019
27420
1043
10022
27420
1043
10023
27420
1043
10009
27446
1059
10016
27426
1075
10016
27426
1075
10009
27420
1075
10021
27420
1075
10022
27420
1075
10009
27446
1091
10016
27426
1091
10016
27420
1091
10019
27420
1091
10019
27420
1091
10009
27446
1106
10016
27426
1106
10017
27420
1106
10018
27420
1106
10020
27420
1106
10009
27446
1106
10009
27438
1122
10016
27426
1137
10016
27426
1137
10008
27420
1137
10021
27420
1137
10021
27420
1137
10010
27446
1137
10009
27438
1153
10016
27426
1153
10016
27420
1153
10018
27420
1153
10019
27420
1153
10011
27446
1167
10010
27446
1169
10016
27426
1169
10017
27420
1169
10019
27420
1169
10021
27420
1169
10021
27420
1169
10009
27446
1185
10016
27426
1201
10016
27426
1201
10009
27420
1201
10022
27420
1201
10024
27420
1201
10010
27446
1217
10016
27426
1217
10016
27420
1217
10020
27420
1217
10021
27420
1217
10011
27446
1232
10009
27446
1233
10016
27426
1233
10020
27420
1233
10019
27420
1233
10021
27420
1233
10023
27420
1233
10009
27446
1233
10009
27438
1248
10016
27426
1264
10016
27426
1264
10008
27420
1264
10016
27420
1264
10019
27420
1264
10010
27438
1264
10009
27446
1279
10016
27426
1279
10010
27420
1279
10014
27446
1295
10004
27420
1295
10009
27446
1297
10015
27426
1297
10013
27420
1297
10015
27420
1297
10019
27420
1297
10020
27420
1297
10009
27446
1311
10016
27426
1327
10016
27426
1327
10009
27420
1327
10018
27420
1327
10019
27420
1327
10019
27420
1327
10009
27446
1343
10016
27426
1343
10019
27420
1343
10019
27420
1343
10020
27420
1343
10009
27446
1358
10016
27426
1358
10020
27420
1358
10019
27420
1358
10020
27420
1358
10023
27420
1358
10010
27446
1358
10009
27438
1358
10010
27446
1374
10016
27426
1389
10009
27446
1390
10016
27426
1390
10009
27420
1390
10018
27420
1390
10020
27420
1390
10020
27420
1390
10009
27438
1405
10016
27426
1405
10019
27420
1405
10020
27420
1405
10021
27420
1405
10011
27446
1420
10009
27446
1422
10015
27426
1422
10020
27420
1422
10021
27420
1422
10021
27420
1422
10023
27420
1422
10009
27446
1437
10016
27426
1453
10016
27426
1453
10008
27420
1453
10018
27420
1453
10019
27420
1453
10021
27420
1453
10009
27446
1469
10016
27426
1469
10020
27420
1469
10019
27420
1469
10020
27420
1469
10009
27446
1485
10016
27426
1485
10020
27420
1485
10021
27420
1485
10021
27420
1485
10023
27420
1485
10011
27446
1485
10009
27438
1485
10010
27446
1500
10016
27426
1517
10016
27426
1517
10008
27420
1517
10020
27420
1517
10021
27420
1517
10023
27420
1517
10010
27438
1517
10010
27446
1532
10016
27426
1532
10018
27420
1532
10019
27420
1532
10020
27420
1532
10014
27446
1548
10009
27446
1549
10011
27426
1549
10020
27420
1549
10021
27420
1549
10023
27420
1549
10024
27420
1549
10009
27446
1564
10016
27426
1580
10016
27426
1580
10007
27420
1580
10021
27420
1580
10022
27420
1580
10009
27446
1595
10016
27426
1595
10020
27420
1595
10019
27420
1595
10019
27420
1595
10009
27446
1611
10016
27426
1611
10020
27420
1611
10021
27420
1611
10023
27420
1611
10024
27420
1611
10009
27446
1611
10009
27438
1611
10010
27446
1627
10016
27426
1643
10016
27426
1643
10007
27420
1643
10021
27420
1643
10022
27420
1643
10009
27446
1643
10009
27438
1658
10016
27426
1658
10020
27420
1658
10020
27420
1658
10021
27420
1658
10013
27446
1673
10009
27446
1675
10016
27426
1675
10022
27420
1675
10024
27420
1675
10025
27420
1675
10025
27420
1675
10009
27446
1691
10016
27426
1706
10016
27426
1706
10008
27420
1706
10021
27420
1706
10023
27420
1706
10009
27446
1722
10016
27426
1722
10020
27420
1722
10020
27420
1722
10022
27420
1722
10010
27446
1737
10016
27426
1737
10019
27420
1737
10021
27420
1737
10022
27420
1737
10024
27420
1737
10009
27446
1737
10009
27438
1737
10010
27446
1753
10016
27426
1769
10016
27426
1769
10009
27420
1769
10020
27420
1769
10021
27420
1769
10022
27420
1769
10010
27438
1769
10009
27446
1784
10016
27426
1784
10019
27420
1784
10020
27420
1784
10021
27420
1784
10011
27446
1799
10009
27446
1801
10016
27426
1801
10021
27420
1801
10022
27420
1801
10023
27420
1801
10024
27420
1801
10009
27446
1816
10016
27426
1832
10016
27426
1832
10008
27420
1832
10021
27420
1832
10024
27420
1832
10009
27446
1848
10016
27426
1848
10019
27420
1848
10020
27420
1848
10021
27420
1848
10010
27446
1863
10016
27426
1863
10018
27420
1863
10021
27420
1863
10020
27420
1863
10022
27420
1863
10009
27446
1863
10009
27438
1863
10010
27446
1879
10016
27426
1895
10016
27426
1895
10008
27420
1895
10020
27420
1895
10021
27420
1895
10023
27420
1895
10008
27438
1895
10010
27446
1911
10016
27426
1911
10019
27420
1911
10019
27420
1911
10020
27420
1911
10013
27446
1925
10008
27446
1927
10018
27426
1927
10021
27420
1927
10023
27420
1927
10024
27420
1927
10024
27420
1927
10009
27446
1943
10016
27426
1958
10016
27426
1958
10008
27420
1958
10020
27420
1958
10022
27420
1958
10024
27420
1958
10009
27446
1974
10016
27426
1974
10020
27420
1974
10021
27420
1974
10022
27420
1974
10010
27446
1990
10016
27426
1990
10020
27420
1990
10021
27420
1990
10023
27420
1990
10024
27420
1990
10009
27446
1990
10009
27438
1990
10009
27446
2006
10016
27426
2022
10016
27426
2022
10008
27420
2022
10021
27420
2022
10023
27420
2022
10023
27420
2022
10009
27438
2022
10009
27446
2037
10016
27426
2037
10020
27420
2037
10021
27420
2037
10022
27420
2037
10012
27446
2052
10008
27446
2053
10018
27426
2053
10021
27420
2053
10024
27420
2053
10025
27420
2053
10028
27420
2053
10010
27446
2069
10016
27426
2085
10016
27426
2085
10008
27420
2085
10023
27420
2085
10025
27420
2085
10009
27446
2100
10016
27426
2100
10021
27420
2100
10022
27420
2100
10010
27446
2117
10016
27426
2117
10018
27420
2117
10021
27420
2117
10024
27420
2117
10010
27446
2117
10010
27438
2117
10008
27446
2132
10016
27426
2148
10016
27426
2148
10008
27420
2148
10022
27420
2148
10023
27420
2148
10009
27438
2148
10009
27446
2164
10016
27426
2164
10018
27420
2164
10020
27420
2164
10020
27420
2164
10011
27446
2180
10016
27426
2180
10019
27420
2180
10020
27420
2180
10021
27420
2180
10009
27446
2195
10016
27426
2211
10016
27426
2211
10008
27420
2211
10020
27420
2211
10021
27420
2211
10009
27446
2227
10016
27426
2227
10018
27420
2227
10020
27420
2227
10021
27420
2227
10011
27446
2242
10016
27426
2242
10021
27420
2242
10021
27420
2242
10022
27420
2242
10024
27420
2242
10009
27438
2242
10009
27446
2242
10010
27446
2258
10016
27426
2274
10016
27426
2274
10007
27420
2274
10019
27420
