0
10025
27426
0
10037
27419
25
10050
27419
25
10025
27430
26
10027
13233
26
10052
15262
26
10027
13238
26
10023
13241
27
10025
11697
27
10025
11702
27
10023
11705
51
10008
27419
51
10052
27422
51
10025
27426
51
10025
27438
76
10025
27430
76
10050
27419
77
10027
13238
77
10028
13233
78
10022
13241
78
10052
15250
78
10027
11702
79
10028
11697
79
10022
11705
103
10050
27419
103
10025
27426
128
10027
13238
128
10020
15262
128
10027
13233
128
10025
27430
128
10050
27419
129
10023
13241
130
10027
11702
130
10027
11697
130
10023
11705
154
10025
27438
154
10052
27422
154
10025
27426
179
10027
13238
179
10027
15262
179
10025
13233
179
10027
11702
179
10025
27430
179
10050
27419
181
10025
11697
181
10025
13241
181
10025
11705
205
10050
27419
205
10025
27426
205
10025
15250
206
10043
12482
231
10025
27430
231
10050
27419
231
10023
13238
231
10023
13241
231
10025
13233
233
10023
11702
233
10023
11705
233
10025
11697
234
10053
15262
257
10025
27438
257
10052
27422
257
10025
27426
258
10055
12489
282
10023
13241
282
10023
11697
282
10023
13238
282
10052
15250
282
10025
13233
282
10025
11702
282
10025
11705
282
10025
27430
282
10050
27419
308
10025
27426
308
10050
27419
308
10013
12487
333
10050
15262
333
10023
13233
333
10022
13241
333
10025
13238
333
10023
11697
333
10022
11705
333
10025
11702
333
10025
27430
333
10050
27419
335
10020
12487
359
10013
12485
359
10025
27438
359
10052
27422
359
10025
27426
384
10025
27430
384
10050
27419
385
10028
13241
385
10028
13238
385
10028
11705
385
10028
11702
385
10028
13235
386
10022
12487
386
10028
11699
386
10027
15255
410
10050
27419
410
10025
27426
435
10052
27419
435
10025
27430
437
10025
13235
437
10022
13241
437
10022
11705
437
10030
15255
438
10025
11699
438
10015
12482
438
10022
13238
438
10022
11702
461
10025
27426
461
10050
27422
461
10025
27438
462
10015
12480
475
10038
15255
487
10050
27419
487
10025
27430
488
10025
11699
488
10025
12485
489
10022
11702
489
10022
11705
489
10025
11699
489
10022
11705
490
10025
11702
513
10050
27419
513
10025
27426
513
10040
15250
538
10025
27430
538
10050
27419
538
10015
12482
539
10023
11705
539
10023
11705
539
10022
11702
540
10025
11697
540
10022
11702
540
10025
11697
541
10025
13238
541
10025
13233
541
10025
13241
564
10052
27422
564
10025
27438
564
10025
27426
565
10017
12480
567
10012
15250
590
10052
11697
590
10050
27419
590
10025
27430
590
10050
11705
590
10050
11705
590
10052
11697
591
10025
13238
591
10025
13241
591
10050
11702
591
10050
11702
591
10050
13233
593
10012
15250
593
10045
12485
593
10007
12484
615
10025
27426
615
10050
27419
616
10038
15250
641
10022
13241
641
10052
11697
641
10025
27430
641
10050
27419
641
10022
11705
641
10052
11697
642
10050
11702
642
10050
11702
642
10025
13238
642
10023
13233
642
10020
12482
643
10050
11705
667
10052
27422
667
10025
27438
667
10025
27426
668
10020
12480
671
10040
15250
692
10050
27419
692
10025
27430
693
10023
13241
693
10023
13238
693
10023
11705
694
10023
11702
694
10027
12485
694
10023
13233
694
10023
11697
718
10025
27426
718
10050
27419
718
10038
15250
743
10025
27430
743
10050
27419
744
10022
11702
744
10022
11705
744
10025
12485
745
10022
11697
745
10025
13238
745
10022
13233
745
10022
13241
769
10025
27438
769
10052
27422
769
10025
27426
770
10020
12482
772
10042
15250
794
10025
27430
794
10050
27419
796
10022
11705
796
10025
12480
796
10022
11705
796
10025
11697
796
10025
11702
797
10025
11702
797
10022
13233
797
10025
11697
798
10022
13241
798
10025
13238
820
10017
12482
820
10050
27419
820
10025
27426
821
10050
15260
846
10050
27419
846
10025
27430
847
10020
11705
848
10020
11705
848
10027
12485
848
10022
11697
848
10020
11702
848
10020
11702
848
10022
11697
849
10022
13241
850
10027
13238
850
10027
13233
872
10025
27426
872
10052
27422
872
10025
27438
874
10048
15248
897
10023
11702
897
10023
11697
897
10050
27419
897
10025
27430
898
10023
11705
898
10025
12482
900
10023
11702
900
10023
11697
900
10023
11705
903
10020
13241
903
10020
13233
903
10022
13238
923
10050
27419
923
10025
27426
923
10047
15255
926
10010
12485
949
10023
11699
949
10050
27419
949
10025
27430
949
10023
11707
950
10023
11702
951
10023
11699
951
10023
11707
952
10025
12485
952
10023
11702
953
10023
13241
953
10023
13235
954
10023
13238
974
10025
27438
974
10025
27426
974
10052
27422
976
10047
15255
977
10022
12482
999
10025
27430
999
10050
27419
1001
10022
11702
1001
10052
12480
1001
10020
11699
1001
10023
11707
1002
10022
11702
1003
10020
11699
1003
10023
11707
1004
10020
13241
1005
10020
13235
1005
10020
13238
1026
10050
27419
1026
10025
27426
1026
10045
15260
1051
10052
27419
1051
10025
27430
1052
10022
11707
1053
10023
11704
1053
10022
11707
1053
10020
12480
1053
10022
13236
1053
10020
11704
1053
10023
13240
1054
10023
13243
1054
10023
11700
1055
10023
11700
1076
10055
12480
1077
10025
27426
1077
10025
27438
1077
10052
27422
1078
10047
15260
1103
10050
27419
1103
10023
11700
1103
10025
27430
1103
10020
11704
1105
10023
11700
1105
10020
11704
1105
10020
13240
1105
10020
11695
1105
10020
13240
1105
10020
11695
1106
10020
13236
1106
10020
13243
1128
10048
15253
1128
10025
27426
1128
10050
27419
1154
10050
27419
1154
10025
27430
1155
10022
11700
1155
10022
11700
1155
10022
13245
1155
10025
13241
1155
10020
12489
1155
10022
11705
1156
10020
11697
1156
10023
13236
1157
10020
11697
1157
10023
11693
1157
10023
11693
1179
10050
27422
1179
10025
27426
1179
10025
27438
1180
10017
12485
1181
10050
15253
1205
10013
12487
1206
10025
27430
1206
10050
27419
1206
10022
11700
1207
10022
11700
1207
10023
11693
1207
10023
11693
1208
10023
11705
1208
10023
11697
1208
10023
11697
1209
10023
11705
1210
10020
13236
1210
10020
13245
1210
10023
13241
1231
10050
27419
1231
10025
27426
1232
10048
15248
1234
10020
12487
1256
10023
11700
1256
10027
12484
1256
10023
11700
1257
10050
27419
1257
10025
27430
1257
10022
11695
1257
10023
11704
1258
10020
13236
1258
10022
11695
1258
10023
11704
1258
10020
13243
1258
10022
13240
1282
10052
27422
1282
10025
27426
1282
10025
27438
1283
10043
15248
1284
10017
12482
1307
10025
27430
1307
10050
27419
1308
10020
11700
1308
10020
11700
1309
10022
11695
1309
10020
12484
1309
10020
13236
1309
10022
11695
1310
10020
11692
1310
10020
11692
1310
10020
13243
1310
10018
13240
1333
10050
27419
1333
10025
27426
1334
10052
15248
1359
10052
27419
1359
10025
27430
1360
10023
11695
1360
10017
12484
1361
10023
11704
1361
10020
11700
1362
10023
11695
1362
10020
11700
1362
10023
11704
1363
10022
13243
1363
10022
13236
1363
10020
13240
1384
10025
27438
1384
10025
27426
1384
10052
27422
1386
10047
15260
1386
10052
12484
1410
10022
11700
1410
10022
11700
1411
10025
27430
1411
10050
27419
1411
10022
11704
1412
10022
11695
1413
10022
11695
1413
10022
11704
1413
10023
13243
1414
10022
13240
1414
10022
13236
1436
10025
27426
1436
10050
27419
1437
10038
15248
1439
10018
12485
1461
10050
27419
1461
10025
27430
1462
10018
12487
1462
10022
11700
1462
10023
11700
1462
10022
11707
1462
10023
11707
1463
10020
11704
1463
10023
11695
1463
10022
13236
1464
10023
11695
1464
10020
11704
1464
10020
13243
1464
10022
13240
1487
10025
27426
1487
10025
27438
1487
10052
27422
1488
10025
12487
1488
10027
15248
1510
10028
15252
1513
10050
27419
1513
10025
27430
1514
10020
11704
1514
10023
11707
1514
10025
11695
1514
10018
12484
1515
10020
11704
1516
10023
11707
1516
10025
11695
1516
10022
11700
1517
10025
11695
1517
10023
13243
1517
10022
13240
1518
10025
13236
1538
10048
15257
1538
10025
27426
1538
10050
27419
1540
10017
12487
1564
10050
27419
1564
10025
27430
1565
10022
11704
1565
10023
11700
1565
10022
11704
1565
10023
11709
1566
10023
11700
1566
10023
11709
1567
10025
12489
1568
10025
13240
1568
10023
13245
1568
10025
13236
1589
10052
27422
1589
10025
27426
1589
10025
27438
1591
10047
15257
1615
10022
11704
1615
10025
27430
1615
10050
27419
1616
10022
11700
1616
10022
11704
1616
10022
11709
1617
10022
11700
1617
10022
11709
1618
10025
13240
1618
10013
12489
1620
10023
13236
1620
10023
13245
1641
10025
27426
1641
10050
27419
1642
10042
15255
1643
10028
12487
1666
10050
27419
1666
10025
27430
1667
10022
11702
1668
10018
12484
1668
10020
11699
1668
10022
11702
1669
10020
11699
1669
10022
13231
1669
10022
13241
1669
10023
11705
1670
10022
11695
1670
10023
11705
1670
10022
11695
1672
10022
13238
1691
10017
12482
1692
10025
27426
1692
10025
27438
1692
10052
27422
1693
10045
15255
1718
10013
12484
1718
10050
27419
1718
10025
27430
1720
10022
11702
1720
10022
11695
1720
10022
11699
1720
10022
11702
1721
10022
11705
1721
10022
11705
1721
10022
11695
1722
10022
11699
1722
10023
13231
1722
10022
13241
1723
10022
13238
1744
10050
27419
1744
10025
27426
1746
10042
15260
1770
10023
11695
1770
10023
11700
1770
10050
27419
1770
10025
27430
1771
10015
12484
1771
10023
11695
1771
10023
11700
1771
10023
11704
1772
10022
13236
1772
10023
11704
1773
10022
13243
1773
10022
13240
1795
10052
27422
1795
10025
27438
1795
10025
27426
1795
10040
15260
1797
10013
12484
1821
10050
27419
1821
10025
27430
1822
10022
11695
1822
10022
11704
1823
10022
11704
1823
10025
13236
1823
10020
11700
1824
10013
12484
1824
10022
11695
1824
10020
11700
1825
10023
13243
1825
10025
13240
1846
10050
27419
1846
10025
27426
1848
10020
12485
1848
10048
15253
1872
10013
12487
1872
10050
27419
1872
10025
27430
1873
10023
11700
1873
10023
11697
1873
10025
11705
1874
10023
11700
1874
10023
11697
1875
10022
13241
1875
10025
11705
1875
10022
13233
1875
10022
13236
1897
10025
27426
1897
10025
27438
1897
10052
27422
1897
10015
12487
1898
10048
15253
1923
10050
27419
1923
10025
27430
1923
10013
12484
1925
10022
11700
1925
10025
11705
1925
10023
11697
1926
10022
11700
1927
10023
11697
1927
10025
11705
1928
10023
13236
1928
10022
13241
1928
10023
13233
1948
10038
12487
1949
10052
15248
1949
10025
27426
1949
10050
27419
1974
10052
27419
1974
10025
27430
1976
10022
11704
1977
10020
11700
1977
10022
11704
1977
10023
11695
1978
10022
11700
1978
10020
12484
1978
10022
11695
1979
10023
13236
1979
10022
13243
1979
10023
13240
1999
10048
15260
2000
10025
27438
2000
10025
27426
2000
10052
27422
2002
10020
12482
2025
10015
12484
2025
10022
11700
2025
10023
11704
2025
10022
11695
2026
10050
27419
2026
10025
27430
2027
10025
11695
2027
10022
11704
2028
10022
11700
2028
10027
13236
2028
10027
13243
2028
10027
13240
2051
10028
12480
2051
10025
27426
2051
10050
27419
2053
10037
15248
2077
10050
27419
2077
10025
27430
2078
10023
11695
2079
10023
11695
2079
10025
11704
2079
10025
11700
2079
10027
12475
2080
10025
11700
2080
10025
11704
2081
10022
13240
2081
10022
13236
2081
10022
13243
2103
10025
27426
2103
10025
27438
2103
10052
27422
2103
10027
15248
2107
10025
12480
2125
10027
15252
2128
10050
27419
2128
10025
27430
2129
10022
11704
2129
10022
11700
2130
10020
11700
2130
10022
11704
2131
10025
11695
2132
10020
13240
2132
10023
11695
2132
10025
13236
2132
10018
13243
2133
10023
12484
2152
10055
15253
2154
10025
27426
2154
10050
27419
2155
10018
12485
2157
10017
13241
2157
10020
11705
2157
10020
11697
2158
10017
13236
2158
10023
11700
2158
10017
13233
2158
10020
11697
2159
10023
11700
2159
10020
11705
2180
10050
27419
2180
10025
27430
2182
10033
12489
2185
10023
11705
2185
10020
11697
2185
10023
11705
2185
10023
11700
2185
10023
11700
2185
10020
11697
2205
10025
27438
2205
10052
27422
2205
10025
27426
2207
10050
15264
2208
10017
12487
2230
10022
13241
2230
10022
13233
