0
10011
13226
0
10023
27420
0
10023
27454
0
10046
27416
23
10011
13238
23
10011
13226
23
10023
27435
23
10023
27430
23
10023
27454
23
10023
27423
46
10011
13238
46
10011
13226
46
10023
27420
46
10023
27422
46
10023
27454
46
10023
27423
69
10011
13238
69
10011
13226
69
10023
27435
69
10023
27430
69
10023
27454
69
10023
27423
92
10011
13238
92
10011
13226
92
10023
27420
92
10023
27454
92
10046
27416
115
10011
13238
115
10011
13226
115
10023
27435
115
10023
27430
115
10023
27454
115
10023
27423
138
10011
13238
138
10011
13226
138
10023
27420
138
10023
27422
138
10023
27454
138
10023
27423
138
10046
27436
150
10011
13238
150
10011
13226
161
10011
13238
161
10011
13226
161
10023
27435
161
10023
27430
161
10023
27454
161
10023
27423
173
10011
13238
173
10011
13226
184
10011
13226
184
10011
13238
184
10023
27420
184
10023
27454
184
10046
27416
207
10011
13226
207
10011
13238
207
10023
27435
207
10023
27430
207
10023
27454
207
10023
27423
230
10011
13226
230
10011
13238
230
10023
27420
230
10023
27422
230
10023
27454
230
10023
27423
253
10011
13226
253
10011
13238
253
10023
27435
253
10023
27430
253
10023
27454
253
10023
27423
277
10011
13226
277
10011
13238
277
10023
27420
277
10023
27454
277
10046
27416
300
10011
13226
300
10011
13238
300
10023
27435
300
10023
27430
300
10023
27454
300
10023
27423
323
10011
13226
323
10011
13238
323
10023
27420
323
10023
27422
323
10023
27454
323
10023
27423
323
10046
27436
334
10011
13226
334
10011
13238
346
10011
13226
346
10011
13238
346
10023
27435
346
10023
27430
346
10023
27454
346
10023
27423
357
10011
13226
357
10011
13238
369
10011
13231
369
10011
13243
369
10023
27420
369
10023
27454
369
10046
27416
392
10011
13231
392
10011
13243
392
10023
27435
392
10023
27430
392
10023
27454
392
10023
27423
415
10011
13231
415
10011
13243
415
10023
27420
415
10023
27422
415
10023
27454
415
10023
27423
438
10011
13231
438
10011
13243
438
10023
27435
438
10023
27430
438
10023
27454
438
10023
27423
461
10011
13231
461
10011
13243
461
10023
27420
461
10023
27454
461
10046
27416
484
10011
13231
484
10011
13243
484
10023
27435
484
10023
27430
484
10023
27454
484
10023
27423
507
10011
13231
507
10011
13243
507
10023
27420
507
10023
27422
507
10023
27454
507
10023
27423
507
10046
27436
519
10011
13231
519
10011
13243
530
10011
13231
530
10011
13243
530
10023
27435
530
10023
27430
530
10023
27454
530
10023
27423
542
10011
13231
542
10011
13243
553
10011
13231
553
10011
13243
553
10023
27420
553
10023
27454
553
10046
27416
577
10011
13231
577
10011
13243
577
10023
27435
577
10023
27430
577
10023
27454
577
10023
27423
600
10011
13231
600
10011
13243
600
10023
27420
600
10023
27422
600
10023
27454
600
10023
27423
623
10011
13231
623
10011
13243
623
10023
27435
623
10023
27430
623
10023
27454
623
10023
27423
646
10011
13231
646
10011
13243
646
10023
27420
646
10023
27454
646
10046
27416
669
10011
13231
669
10011
13243
669
10023
27435
669
10023
27430
669
10023
27454
669
10023
27423
692
10011
13231
692
10011
13243
692
10023
27420
692
10023
27422
692
10023
27454
692
10023
27423
692
10046
27436
703
10011
13231
703
10011
13243
715
10011
13224
715
10011
13236
715
10023
27435
715
10023
27430
715
10023
27454
715
10023
27423
727
10011
13236
727
10011
13248
738
10011
13238
738
10011
13250
738
10023
27420
738
10023
27454
738
10046
27416
761
10011
13238
761
10011
13250
761
10023
27435
761
10023
27430
761
10023
27454
761
10023
27423
784
10011
13238
784
10011
13250
784
10023
27420
784
10023
27422
784
10023
27454
784
10023
27423
807
10011
13238
807
10011
13250
807
10023
27435
807
10023
27430
807
10023
27454
807
10023
27423
830
10011
13238
830
10011
13250
830
10023
27420
830
10023
27454
830
10046
27416
853
10011
13238
853
10011
13250
853
10023
27435
853
10023
27430
853
10023
27454
853
10023
27423
877
10011
13238
877
10011
13250
877
10023
27420
877
10023
27422
877
10023
27454
877
10023
27423
877
10046
27436
888
10011
13250
888
10011
13238
900
10011
13238
900
10011
13250
900
10023
27435
900
10023
27430
900
10023
27454
900
10023
27423
911
10011
13238
911
10011
13250
923
10011
13238
923
10011
13250
923
10023
27420
923
10023
27454
923
10046
27416
946
10011
13238
946
10011
13250
946
10023
27435
946
10023
27430
946
10023
27454
946
10023
27423
969
10011
13238
969
10011
13250
969
10023
27420
969
10023
27422
969
10023
27454
969
10023
27423
992
10011
13238
992
10011
13250
992
10023
27435
992
10023
27430
992
10023
27454
992
10023
27423
1015
10011
13238
1015
10011
13250
1015
10023
27420
1015
10023
27454
1015
10046
27416
1038
10011
13238
1038
10011
13250
1038
10023
27435
1038
10023
27430
1038
10023
27454
1038
10023
27423
1061
10011
13238
1061
10011
13250
1061
10023
27420
1061
10023
27422
1061
10023
27454
1061
10023
27423
1061
10046
27436
1073
10011
13250
1073
10011
13238
1084
10011
13238
1084
10011
13250
1084
10023
27435
1084
10023
27430
1084
10023
27454
1084
10023
27423
1096
10011
13238
1096
10011
13250
1107
10011
13238
1107
10011
13250
1107
10023
27420
1107
10023
27454
1107
10046
27416
1130
10011
13238
1130
10011
13250
1130
10023
27435
1130
10023
27430
1130
10023
27454
1130
10023
27423
1153
10011
13238
1153
10011
13250
1153
10023
27420
1153
10023
27422
1153
10023
27454
1153
10023
27423
1177
10011
13238
1177
10011
13250
1177
10023
27435
1177
10023
27430
1177
10023
27454
1177
10023
27423
1200
10011
13238
1200
10011
13250
1200
10023
27420
1200
10023
27454
1200
10046
27416
1223
10011
13238
1223
10011
13250
1223
10023
27435
1223
10023
27430
1223
10023
27454
1223
10023
27423
1246
10011
13238
1246
10011
13250
1246
10023
27420
1246
10023
27422
1246
10023
27454
1246
10023
27423
1246
10046
27436
1257
10011
13250
1257
10011
13238
1269
10011
13238
1269
10011
13250
1269
10023
27435
1269
10023
27430
1269
10023
27454
1269
10023
27423
1280
10011
13238
1280
10011
13250
1292
10011
13238
1292
10011
13250
1292
10023
27420
1292
10023
27454
1292
10046
27416
1315
10011
13238
1315
10011
13250
1315
10023
27435
1315
10023
27430
1315
10023
27454
1315
10023
27423
1338
10011
13238
1338
10011
13250
1338
10023
27420
1338
10023
27422
1338
10023
27454
1338
10023
27423
1361
10011
13238
1361
10011
13250
1361
10023
27435
1361
10023
27430
1361
10023
27454
1361
10023
27423
1384
10011
13238
1384
10011
13250
1384
10023
27420
1384
10023
27454
1384
10046
27416
1407
10011
13238
1407
10011
13250
1407
10023
27435
1407
10023
27430
1407
10023
27454
1407
10023
27423
1430
10011
13238
1430
10011
13250
1430
10023
27420
1430
10023
27422
1430
10023
27454
1430
10023
27423
1430
10046
27436
1442
10011
13250
1442
10011
13238
1453
10011
13238
1453
10011
13250
1453
10023
27435
1453
10023
27430
1453
10023
27454
1453
10023
27423
1465
10011
13238
1465
10011
13250
1477
10011
13238
1477
10011
13250
1477
10023
27420
1477
10023
27454
1477
10046
27416
1500
10011
13250
1500
10011
13238
1500
10023
27435
1500
10023
27430
1500
10023
27454
1500
10023
27423
1523
10011
13238
1523
10011
13250
1523
10023
27420
1523
10023
27422
1523
10023
27454
1523
10023
27423
1546
10011
13238
1546
10011
13250
1546
10023
27435
1546
10023
27430
1546
10023
27454
1546
10023
27423
1569
10011
13238
1569
10011
13250
1569
10023
27420
1569
10023
27454
1569
10046
27416
1592
10011
13238
1592
10011
13250
1592
10023
27435
1592
10023
27430
1592
10023
27454
1592
10023
27423
1615
10011
13238
1615
10011
13250
1615
10023
27420
1615
10023
27422
1615
10023
27454
1615
10023
27423
1615
10046
27436
1627
10011
13250
1627
10011
13238
1638
10011
13238
1638
10011
13250
1638
10023
27435
1638
10023
27430
1638
10023
27454
1638
10023
27423
1650
10011
13238
1650
10011
13250
1661
10011
13238
1661
10011
13250
1661
10023
27420
1661
10023
27454
1661
10046
27416
1684
10011
13250
1684
10011
13238
1684
10023
27435
1684
10023
27430
1684
10023
27454
1684
10023
27423
1707
10011
13238
1707
10011
13250
1707
10023
27420
1707
10023
27422
1707
10023
27454
1707
10023
27423
1730
10011
13238
1730
10011
13250
1730
10023
27435
1730
10023
27430
1730
10023
27454
1730
10023
27423
1753
10011
13238
1753
10011
13250
1753
10023
27420
1753
10023
27454
1753
10046
27416
1777
10011
13238
1777
10011
13250
1777
10023
27435
1777
10023
27430
1777
10023
27454
1777
10023
27423
1800
10011
13238
1800
10011
13250
1800
10023
27420
1800
10023
27422
1800
10023
27454
1800
10023
27423
1800
10046
27436
1811
10011
13250
1811
10011
13238
1823
10011
13238
1823
10011
13250
1823
10023
27435
1823
10023
27430
1823
10023
27454
1823
10023
27423
1834
10011
13238
1834
10011
13250
1846
10011
13238
1846
10011
13250
1846
10023
27420
1846
10023
27454
1846
10046
27416
1869
10011
13250
1869
10011
13238
1869
10023
27435
1869
10023
27430
1869
10023
27454
1869
10023
27423
1892
10011
13238
1892
10011
13250
1892
10023
27420
1892
10023
27422
1892
10023
27454
1892
10023
27423
1915
10011
13238
1915
10011
13250
1915
10023
27435
1915
10023
27430
1915
10023
27454
1915
10023
27423
1938
10011
13238
1938
10011
13250
1938
10023
27420
1938
10023
27454
1938
10046
27416
1961
10011
13238
1961
10011
13250
1961
10023
27435
1961
10023
27430
1961
10023
27454
1961
10023
27423
1984
10011
13238
1984
10011
13250
1984
10023
27420
1984
10023
27422
1984
10023
27454
1984
10023
27423
1984
10046
27436
1996
10011
13250
1996
10011
13238
2007
10011
13238
2007
10011
13250
2007
10023
27435
2007
10023
27430
2007
10023
27454
2007
10023
27423
2019
10011
13238
2019
10011
13250
2030
10011
13238
2030
10011
13250
2030
10023
27420
2030
10023
27454
2030
10046
27416
2053
10011
13250
2053
10011
13238
2053
10023
27435
2053
10023
27430
2053
10023
27454
2053
10023
27423
2077
10011
13238
2077
10011
13250
2077
10023
27420
2077
10023
27422
2077
10023
27454
2077
10023
27423
2100
10011
13238
2100
10011
13250
2100
10023
27435
2100
10023
27430
2100
10023
27454
2100
10023
27423
2123
10011
13238
2123
10011
13250
2123
10023
27420
2123
10023
27454
2123
10046
27416
2146
10011
13238
2146
10011
13250
2146
10023
27435
2146
10023
27430
2146
10023
27454
2146
10023
27423
2169
10011
13238
2169
10011
13250
2169
10023
27420
2169
10023
27422
2169
10023
27454
2169
10023
27423
2169
10046
27436
2180
10011
13250
2180
10011
13238
2192
10011
13238
2192
10011
13250
2192
10023
27435
2192
10023
27430
2192
10023
27454
2192
10023
27423
2203
10011
13238
2203
10011
13250
2215
10011
13250
2215
10011
13238
2215
10023
27420
2215
10023
27454
2215
10046
27416
2238
10011
13238
2238
10011
13250
2238
10023
27435
2238
10023
27430
2238
10023
27454
2238
10023
27423
2261
10011
13238
2261
10011
13250
2261
10023
27420
2261
10023
27422
2261
10023
27454
2261
10023
27423
2284
10011
13238
2284
10011
13250
2284
10023
27435
2284
10023
27430
2284
10023
27454
2284
10023
27423
2307
10011
13238
2307
10011
13250
2307
10023
27420
2307
10023
27454
2307
10046
27416
2330
10011
13238
2330
10011
13250
2330
10023
27435
2330
10023
27430
2330
10023
27454
2330
10023
27423
2353
10011
13238
2353
10011
13250
2353
10023
27420
2353
10023
27422
2353
10023
27454
2353
10023
27423
2353
10046
27436
2365
10011
13250
2365
10011
13238
2377
10011
13238
2377
10011
13250
2377
10023
27435
2377
10023
27430
2377
10023
27454
2377
10023
27423
2388
10011
13238
2388
10011
13250
2400
10011
13238
2400
10011
13250
2400
10023
27420
2400
10023
27454
2400
10046
27416
2423
10011
13250
2423
10011
13238
2423
10023
27435
2423
10023
27430
2423
10023
27454
2423
10023
27423
2446
10011
13238
2446
10011
13250
2446
10023
27420
2446
10023
27422
2446
10023
27454
2446
10023
27423
2469
10011
13238
2469
10011
13250
2469
10023
27435
