0
10046
27420
0
10022
27438
0
10045
27447
23
10011
27438
34
10011
27438
46
10046
27420
46
10022
27438
46
10022
27446
69
10023
27448
69
10011
27438
81
10011
27438
92
10023
27420
92
10022
27438
115
10023
21445
115
10023
11321
115
10023
14261
115
10023
14266
115
10023
15510
115
10023
27420
115
10023
27447
115
10011
27438
127
10011
27438
138
10023
21445
138
10023
11321
138
10023
14261
138
10023
14266
138
10023
15510
138
10046
27422
138
10022
27447
138
10022
27438
161
10070
21448
161
10070
11324
161
10070
14260
161
10070
14265
161
10070
15509
161
10022
27446
161
10011
27438
173
10011
27438
184
10046
27420
184
10022
27438
207
10011
27438
219
10011
27438
231
10023
21445
231
10023
11321
231
10046
27422
231
10022
27438
254
10047
21448
254
10047
11324
254
10011
27438
265
10011
27438
277
10022
27438
300
10023
21445
300
10023
11321
300
10023
15509
300
10023
27420
300
10011
27438
311
10011
27438
323
10023
21445
323
10023
11321
323
10023
15509
323
10046
27422
323
10022
27438
346
10070
21446
346
10070
11322
346
10070
14256
346
10070
14261
346
10070
15510
346
10011
27438
357
10011
27438
369
10046
27420
369
10022
27438
369
10011
27422
381
10011
27422
392
10011
27438
392
10011
27422
404
10011
27438
404
10011
27422
415
10023
21445
415
10023
11321
415
10023
14261
415
10046
27422
415
10022
27438
415
10011
27431
427
10011
27431
438
10047
21446
438
10047
11322
438
10070
14256
438
10070
14261
438
10011
27438
438
10011
27431
450
10011
27438
450
10011
27431
461
10022
27438
461
10011
27429
473
10011
27429
484
10023
21445
484
10023
11321
484
10023
15510
484
10023
27420
484
10011
27438
484
10011
27429
496
10011
27438
496
10011
27429
507
10046
21446
507
10046
11322
507
10046
14256
507
10046
14261
507
10046
15510
507
10046
27422
507
10022
27438
507
10011
27427
519
10011
27427
531
10011
27438
531
10011
27427
542
10011
27438
542
10011
27427
554
10046
14631
554
10046
14638
554
10089
21446
554
10089
11322
554
10089
14259
554
10089
14263
554
10046
15515
554
10046
27420
554
10141
27433
554
10022
27438
577
10011
27438
588
10011
27438
600
10022
14631
600
10023
14638
600
10023
15515
600
10023
27422
600
10022
27446
600
10022
27438
623
10022
14631
623
10023
14638
623
10023
15515
623
10023
27420
623
10023
27448
623
10011
27438
634
10011
27438
646
10022
14631
646
10023
14638
646
10022
15515
646
10046
27420
646
10022
27438
669
10022
14631
669
10023
14638
669
10023
21448
669
10023
11324
669
10023
15515
669
10011
27438
681
10011
27438
692
10022
14631
692
10023
14638
692
10023
21446
692
10023
11322
692
10023
15515
692
10023
27422
692
10022
27448
692
10022
27438
715
10022
14631
715
10023
14638
715
10070
21445
715
10070
11321
715
10070
14261
715
10070
15514
715
10023
27420
715
10204
27433
715
10022
27447
715
10011
27438
727
10011
27438
738
10046
26430
738
10022
27438
761
10023
27447
761
10011
27438
773
10011
27438
784
10023
26433
784
10034
27448
784
10022
27438
807
10023
11973
807
10023
26425
807
10022
27438
819
10011
12234
819
10011
27431
831
10011
12237
831
10017
27431
831
10022
27438
842
10011
12239
854
10011
12241
854
10023
21436
854
10023
11312
854
10023
15517
854
10023
27447
854
10011
27438
865
10011
12244
865
10017
27429
865
10011
27438
877
10011
12237
877
10023
21438
877
10023
11314
877
10046
26430
877
10046
15519
877
10023
27447
877
10022
27438
888
10011
12239
888
10011
27429
900
10011
12241
900
10070
21441
900
10070
11317
900
10017
27429
900
10022
27445
900
10011
27438
911
10011
12244
911
10011
27438
923
10046
14638
923
10046
14631
923
10046
15515
923
10046
27420
923
10142
27433
923
10022
27438
946
10011
27438
957
10011
27438
969
10022
14631
969
10023
14638
969
10023
21448
969
10023
11324
969
10023
26433
969
10023
15515
969
10023
27422
969
10022
27438
992
10022
14631
992
10023
14638
992
10047
21446
992
10047
11322
992
10047
26425
992
10023
15515
992
10023
27420
992
10011
27438
1004
10011
27438
1015
10022
14631
1015
10023
14638
1015
10023
15515
1015
10046
27420
1015
10022
27438
1038
10022
14631
1038
10023
14638
1038
10023
21445
1038
10023
11321
1038
10023
15515
1038
10011
27438
1050
10011
27438
1061
10023
14631
1061
10023
14638
1061
10023
21446
1061
10023
11322
1061
10023
26435
1061
10023
15515
1061
10023
27422
1061
10022
27438
1084
10046
14630
1084
10046
14637
1084
10046
21445
1084
10046
11321
1084
10046
15514
1084
10023
27420
1084
10208
27433
1084
10011
27438
1096
10011
27438
1107
10046
27420
1107
10022
27438
1131
10022
14630
1131
10023
14637
1131
10023
21443
1131
10023
11319
1131
10023
15514
1131
10011
27438
1142
10011
27438
1154
10022
14630
1154
10023
14637
1154
10023
21441
1154
10023
11317
1154
10046
26430
1154
10023
15514
1154
10023
27422
1154
10022
27438
1177
10022
14630
1177
10023
14637
1177
10023
21448
1177
10023
11324
1177
10023
15514
1177
10023
27420
1177
10011
27438
1188
10011
27438
1200
10022
14630
1200
10023
14637
1200
10023
15517
1200
10046
27420
1200
10022
27438
1223
10022
14630
1223
10023
14637
1223
10023
21436
1223
10023
11312
1223
10023
15517
1223
10011
27438
1234
10011
27438
1246
10022
14630
1246
10023
14637
1246
10023
21436
1246
10023
11312
1246
10023
26428
1246
10023
15521
1246
10023
27422
1246
10022
27438
1269
10022
14630
1269
10023
14637
1269
10070
21446
1269
10070
11322
1269
10023
15521
1269
10023
27420
1269
10011
27438
1281
10011
27438
1292
10046
14638
1292
10046
14631
1292
10046
15515
1292
10046
27420
1292
10304
27433
1292
10022
27438
1315
10011
27438
1327
10011
27438
1338
10022
14631
1338
10023
14638
1338
10023
21448
1338
10023
11324
1338
10023
26433
1338
10023
15515
1338
10023
27422
1338
10022
27438
1361
10022
14631
1361
10023
14638
1361
10047
21446
1361
10047
11322
1361
10047
26425
1361
10023
15515
1361
10023
27420
1361
10011
27438
1373
10011
27438
1384
10022
14631
1384
10023
14638
1384
10023
15515
1384
10046
27420
1384
10022
27438
1407
10022
14631
1407
10023
14638
1407
10023
21445
1407
10023
11321
1407
10023
15515
1407
10011
27438
1419
10011
27438
1431
10023
14631
1431
10023
14638
1431
10023
21446
1431
10023
11322
1431
10023
26435
1431
10023
15515
1431
10023
27422
1431
10022
27438
1454
10046
14630
1454
10046
14637
1454
10046
21445
1454
10046
11321
1454
10046
15514
1454
10023
27420
1454
10011
27438
1465
10011
27438
1477
10046
27420
1477
10022
27438
1500
10023
14637
1500
10023
14630
1500
10023
21443
1500
10023
11319
1500
10023
15514
1500
10011
27438
1511
10011
27438
1523
10023
14630
1523
10023
14637
1523
10023
21441
1523
10023
11317
1523
10046
26430
1523
10023
15514
1523
10023
27422
1523
10022
27438
1546
10023
14637
1546
10023
14630
1546
10011
21443
1546
10011
11319
1546
10023
15514
1546
10023
27420
1546
10011
27438
1557
10011
21441
1557
10011
11317
1557
10011
27438
1569
10023
14637
1569
10023
14630
1569
10046
21438
1569
10046
11314
1569
10023
15514
1569
10046
27420
1569
10022
27438
1592
10023
14637
1592
10023
14630
1592
10023
15514
1592
10023
27422
1592
10011
27438
1604
10011
27438
1615
10023
14637
1615
10023
14630
1615
10023
26430
1615
10023
15514
1615
10011
27422
1615
10022
27438
1627
10011
27422
1638
10023
14637
1638
10023
14630
1638
10023
26430
1638
10023
15514
1638
10023
27422
1638
10011
27438
1650
10011
27438
1661
10046
14628
1661
10046
14635
1661
10023
21440
1661
10023
11328
1661
10046
15512
1661
10046
27420
1661
10304
27433
1661
10022
27438
1684
10023
21438
1684
10023
11326
1684
10011
27438
1696
10011
27438
1707
10022
14628
1707
10023
14635
1707
10023
21436
1707
10023
11324
1707
10023
15512
1707
10023
27422
1707
10022
27438
1731
10022
14628
1731
10023
14635
1731
10070
21443
1731
10070
11319
1731
10023
15512
1731
10023
27420
1731
10011
27438
1742
10011
27438
1754
10022
14628
1754
10023
14635
1754
10023
15512
1754
10046
27420
1754
10022
27438
1777
10022
14628
1777
10023
14635
1777
10023
15512
1777
10011
27438
1788
10011
27438
1800
10022
14628
1800
10023
14635
1800
10023
21436
1800
10023
11312
1800
10023
15512
1800
10023
27422
1800
10022
27438
1823
10022
14628
1823
10023
14635
1823
10023
21438
1823
10023
11314
1823
10023
15512
1823
10011
27438
1834
10011
27438
1846
10046
14630
1846
10046
14637
1846
10023
21441
1846
10023
11317
1846
10046
15514
1846
10046
27420
1846
10022
27438
1869
10047
21443
1869
10047
11319
1869
10011
27438
1881
10011
27438
1892
10022
14630
1892
10023
14637
1892
10023
15514
1892
10023
27422
1892
10022
27438
1915
10022
14630
1915
10023
14637
1915
10047
21445
1915
10047
11321
1915
10023
15514
1915
10023
27420
1915
10011
27438
1927
10011
27438
1938
10022
14630
1938
10023
14637
1938
10023
15514
1938
10046
27420
1938
10022
27438
1961
10022
14630
1961
10023
14637
1961
10023
21438
1961
10023
11314
1961
10023
15514
1961
10011
27438
1973
10011
27438
1984
10022
14630
1984
10023
14637
1984
10023
21440
1984
10023
11316
1984
10023
15514
1984
10046
27422
1984
10022
27438
2007
10022
14630
2007
10023
14637
2007
10070
21443
2007
10070
11319
2007
10023
15514
2007
10011
27438
2019
10011
27438
2031
10046
14633
2031
10046
14640
2031
10046
15517
2031
10046
27420
2031
10204
27433
2031
10022
27438
2054
10011
27438
2065
10011
27438
2077
10023
14633
2077
10023
14640
2077
10046
21440
2077
10046
11316
2077
10023
15517
2077
10023
27422
2077
10022
27438
2100
10023
14633
2100
10023
14640
2100
10023
15517
2100
10023
27420
2100
10011
27438
2111
10011
27438
2123
10023
14633
2123
10023
14640
2123
10023
21438
2123
10023
11314
2123
10023
15517
2123
10046
27420
2123
10022
27438
2146
10023
14633
2146
10023
14640
2146
10070
21436
2146
10070
11312
2146
10023
15517
2146
10011
27438
2157
10011
27438
2169
10023
14633
2169
10023
14640
2169
10023
15517
2169
10023
27422
2169
10022
27438
2192
10023
14633
2192
10023
14640
2192
10023
15517
2192
10023
27420
2192
10011
27438
2204
10011
27438
2215
10023
14635
2215
10023
14642
2215
10011
21445
2215
10011
11321
2215
10046
15519
2215
10023
27420
2215
10022
27438
2227
10011
21443
2227
10011
11319
2238
10023
14635
2238
10023
14642
2238
10023
21445
2238
10023
11321
2238
10023
27422
2238
10046
27433
2238
10011
27438
2250
10011
27438
2261
10023
14635
2261
10023
14642
2261
10011
21447
2261
10011
11323
2261
10023
15519
2261
10011
27438
2273
10011
21452
2273
10011
11328
2273
10011
27422
2273
10011
27438
2284
10023
14635
2284
10023
14642
2284
10011
21445
2284
10011
11321
2284
10023
15519
2284
10023
27422
2284
10071
27433
2284
10022
27438
2296
10011
21447
2296
10011
11323
2307
10023
14635
2307
10023
14642
2307
10011
21447
2307
10011
11323
2307
10023
15519
2307
10022
27438
2319
10011
21452
2319
10011
11328
2319
10011
27422
2331
10023
14635
2331
10023
14642
2331
10011
21454
2331
10011
11330
2331
10023
15519
2331
10023
27422
2331
10011
27438
2342
10011
21457
2342
10011
11333
2342
10011
27438
2354
10023
14635
2354
10023
14642
2354
10011
21459
2354
10011
11335
2354
10023
15519
2354
10023
27422
2354
10046
27433
2354
10022
27438
2365
10011
21459
2365
10011
11335
2377
10023
14635
2377
10023
14642
2377
10011
21459
2377
10011
11335
2377
10023
15519
2377
10023
27422
2377
10011
27438
2388
10011
21457
2388
10011
11333
2388
10011
27438
2400
10046
14628
2400
10046
14635
2400
10023
21443
2400
10023
11319
2400
10046
15512
2400
10046
27420
2400
10249
27433
2400
10022
27438
2423
10023
21440
2423
10023
11316
2423
10011
27438
2434
10011
27438
2446
10022
14628
2446
10023
14635
2446
10023
21443
2446
10023
11319
2446
10023
15512
2446
10023
27422
2446
10022
27438
2469
10022
14628
2469
10023
14635
2469
10070
21443
2469
10011
12248
2469
10070
11319
2469
10023
15512
2469
10023
27420
2469
10011
27438
2481
10011
12247
2481
10011
27438
2492
10022
14628
