0
10025
11072
0
10025
11079
0
10025
11076
0
10025
11064
0
10025
11057
38
10025
11084
38
10025
11076
38
10025
11072
38
10025
11079
38
10025
11064
38
10025
11057
76
10013
11069
76
10013
11076
76
10013
11081
76
10013
11060
76
10013
11064
94
10025
11072
94
10025
11081
94
10025
11084
94
10025
11076
94
10025
11064
94
10025
11057
132
10025
11079
132
10025
11071
132
10025
11076
132
10025
11064
132
10025
11060
169
10013
11067
169
10013
11083
169
10013
11074
169
10013
11062
169
10013
11055
188
10038
11071
188
10038
11079
188
10038
11083
188
10038
11074
188
10038
11062
188
10038
11055
288
10000
27512
357
10006
11060
359
10034
11062
377
10005
11064
380
10017
11062
385
10006
11060
388
10030
11062
395
10026
11062
415
10025
11071
415
10025
11067
415
10025
11079
415
10025
11074
415
10025
11062
415
10025
11055
452
10008
11066
452
10008
11059
453
10008
11071
453
10008
11078
453
10008
11074
453
10008
11062
471
10038
11064
471
10038
11079
471
10038
11076
471
10038
11072
471
10038
11060
471
10038
11055
584
10000
27512
659
10005
11068
659
10009
11065
662
10029
11069
679
10009
11071
679
10005
11069
683
10029
11069
688
10005
11068
692
10029
11069
698
10025
11069
718
10025
11065
718
10025
11074
718
10025
11077
718
10025
11081
718
10025
11069
718
10025
11062
756
10006
11064
756
10006
11072
756
10006
11076
756
10006
11069
756
10006
11060
756
10006
11057
775
10038
11059
775
10038
11071
775
10038
11065
775
10038
11053
775
10038
11050
875
10000
27512
911
10006
11070
911
10006
11067
917
10028
11071
931
10006
11072
931
10006
11069
934
10028
11071
939
10006
11070
939
10006
11067
944
10028
11071
949
10019
11071
969
10025
11059
969
10025
11067
969
10025
11071
969
10025
11079
969
10025
11062
969
10025
11055
1006
10008
11066
1006
10008
11071
1006
10008
11078
1006
10008
11062
1006
10008
11059
1025
10038
11060
1025
10038
11067
1025
10038
11072
1025
10038
11076
1025
10038
11064
1025
10038
11055
1125
10000
27512
1188
10005
11071
1188
10006
11074
1188
10006
11062
1194
10036
11072
1194
10028
11076
1209
10006
11078
1209
10006
11064
1213
10025
11076
1219
10006
11071
1227
10025
11076
1231
10019
11076
1249
10025
11076
1249
10025
11072
1249
10025
11081
1249
10025
11069
1249
10025
11057
1249
10025
11064
1287
10008
11064
1287
10006
11079
1287
10008
11073
1287
10008
11057
1305
10038
11074
1305
10038
11066
1305
10038
11062
1305
10038
11057
1305
10038
11053
1405
10000
27512
1471
10006
11060
1474
10035
11062
1492
10006
11064
1495
10034
11062
1500
10006
11060
1504
10029
11062
1511
10019
11062
1531
10025
11071
1531
10025
11079
1531
10025
11067
1531
10025
11074
1531
10025
11062
1531
10025
11055
1569
10008
11059
1569
10008
11066
1569
10008
11078
1569
10008
11074
1569
10008
11062
1587
10038
11076
1587
10038
11064
1587
10038
11072
1587
10038
11079
1587
10038
11055
1587
10038
11060
1687
10000
27512
1752
10005
11068
1752
10006
11065
1756
10028
11069
1772
10006
11069
1772
10006
11071
1775
10028
11069
1780
10006
11068
1785
10029
11069
1791
10019
11069
1811
10025
11081
1811
10025
11065
1811
10025
11077
1811
10025
11074
1811
10025
11069
1811
10025
11062
1849
10006
11064
1849
10006
11069
1849
10006
11076
1849
10006
11072
1849
10006
11060
1849
10006
11057
1868
10006
11050
1868
10006
11059
1868
10006
11071
1868
10006
11065
1868
10006
11068
1968
10000
27512
2068
10000
27512
2081
10009
11064
2082
10008
11055
2140
10009
11064
2142
10008
11055
2201
10009
11064
2205
10008
11055
2236
10006
11064
2239
10007
11060
2245
10026
11066
2245
10026
11057
2274
10009
11066
2275
10008
11057
2282
10026
11064
2282
10026
11055
2310
10009
11064
2311
10008
11055
2318
10026
11062
2318
10026
11054
2346
10009
11062
2349
10034
11054
2355
10026
11057
2384
10006
11069
2384
10006
11060
2384
10006
11054
2402
10006
11067
2402
10006
11059
2402
10006
11055
2419
10006
11066
2419
10006
11057
2419
10006
11052
2437
10006
11064
2437
10006
11055
2437
10006
11052
2537
10000
27512
2592
10005
11068
2592
10038
11065
2596
10032
11069
2611
10006
11071
2614
10032
11069
2620
10006
11068
2624
10032
11069
2629
10019
11069
2649
10025
11074
2649
10025
11069
2649
10025
11077
2649
10025
11081
2649
10025
11065
2649
10025
11062
2687
10006
11064
2687
10006
11069
2687
10006
11072
2687
10006
11076
2687
10006
11060
2687
10006
11057
2705
10038
11071
2705
10038
11065
2705
10038
11059
2705
10038
11053
2705
10038
11050
2805
10000
27512
2841
10005
11071
2841
10006
11074
2841
10006
11062
2846
10036
11072
2846
10033
11076
2861
10006
11078
2861
10006
11064
2864
10036
11076
2870
10006
11071
2877
10025
11076
2881
10019
11076
2899
10025
11076
2899
10025
11072
2899
10025
11069
2899
10025
11081
2899
10025
11057
2899
10025
11064
2937
10008
11064
2937
10006
11073
2937
10006
11079
2937
10008
11057
2955
10038
11074
2955
10038
11066
2955
10038
11057
2955
10038
11062
2955
10038
11053
3055
10000
27512
3120
10005
11071
3120
10006
11074
3120
10006
11062
3124
10035
11072
3124
10031
11076
3139
10006
11078
3139
10006
11064
3142
10035
11076
3148
10006
11071
3155
10025
11076
3158
10019
11076
3176
10025
11076
3176
10025
11081
3176
10025
11069
3176
10025
11072
3176
10025
11057
3176
10025
11064
3214
10006
11079
3214
10006
11073
3214
10006
11064
3214
10006
11057
3232
10112
11074
3232
10112
11066
3232
10112
11062
3232
10038
11057
3232
10038
11053
3332
10000
27512
3392
10008
11055
3392
10008
11072
3392
10008
11064
3425
10009
11055
3425
10009
11064
3425
10009
11072
3434
10038
11072
3434
10038
11064
3434
10038
11055
3487
10009
11072
3487
10009
11064
3487
10009
11055
3498
10038
11072
3498
10038
11055
3498
10038
11064
3555
10008
11055
3555
10008
11064
3555
10008
11072
3587
10009
11072
3587
10009
11055
3587
10009
11064
3596
10038
11072
3596
10038
11055
3596
10038
11064
3650
10008
11055
3650
10008
11064
3650
10008
11072
3685
10009
11064
3685
10009
11072
3685
10009
11055
3694
10038
11072
3694
10038
11055
3694
10038
11064
3750
10008
11055
3750
10008
11064
3750
10008
11072
3785
10009
11072
3785
10009
11064
3785
10009
11055
3794
10038
11072
3794
10038
11064
3794
10038
11055
3846
10009
11055
3846
10009
11064
3846
10009
11072
3857
10038
11072
3857
10038
11064
3857
10038
11055
3910
10009
11072
3910
10009
11064
3910
10009
11055
3920
10036
11072
3920
10036
11064
3920
10036
11055
3973
10009
11072
3973
10009
11064
3973
10009
11055
3983
10038
11055
3983
10038
11064
3983
10038
11072
4034
10008
11072
4034
10008
11055
4034
10008
11064
4067
10009
11055
4067
10009
11064
4067
10009
11072
4077
10006
11072
4077
10006
11064
4077
10006
11055
4106
10006
11064
4106
10006
11055
4106
10006
11072
4117
10006
11055
4117
10006
11064
4117
10006
11072
4127
10019
11064
4127
10019
11072
4127
10019
11055
4147
10038
11072
4147
10038
11064
4147
10038
11055
4205
10005
11066
4205
10006
11074
4205
10006
11069
4207
10034
11079
4207
10026
11076
4222
10006
11078
4224
10034
11076
4230
10006
11066
4230
10006
11069
4230
10006
11074
4238
10026
11076
4241
10019
11076
4247
10019
11076
4250
10026
11076
4256
10006
11076
4262
10019
11076
4262
10019
11072
4262
10019
11081
4262
10019
11069
4262
10019
11064
4302
10006
11064
4302
10006
11073
4302
10006
11079
4302
10006
11069
4302
10006
11057
4320
10038
11074
4320
10038
11057
4320
10038
11062
4320
10038
11065
4420
10000
27512
4482
10005
11068
4482
10038
11065
4485
10035
11069
4501
10006
11071
4503
10036
11069
4509
10006
11068
4514
10036
11069
4519
10019
11069
4539
10025
11069
4539
10025
11074
4539
10025
11077
4539
10025
11065
4539
10025
11062
4577
10006
11069
4577
10006
11076
4577
10006
11064
4577
10006
11060
4577
10006
11057
4596
10038
11077
4596
10038
11065
4596
10038
11071
4596
10038
11056
4596
10038
11062
4664
10006
11055
4664
10006
11062
4664
10006
11065
4664
10006
11071
4664
10006
11079
4701
10006
11055
4701
10006
11062
4701
10006
11065
4701
10006
11071
4701
10006
11077
4742
10009
11064
4742
10008
11072
4742
10008
11055
4777
10009
11055
4777
10009
11072
4777
10009
11064
4786
10038
11064
4786
10038
11072
4786
10038
11055
4839
10009
11055
4839
10009
11064
4839
10009
11072
4849
10038
11072
4849
10038
11055
4849
10038
11064
4903
10009
11055
4903
10009
11064
4903
10009
11072
4925
10005
11066
4925
10006
11074
4925
10006
11069
4930
10005
11067
4930
10006
11076
4934
10004
11069
4934
10006
11078
4939
10009
11079
4948
10009
11081
4957
10009
11083
4967
10009
11066
4967
10009
11069
4967
10009
11074
4967
10009
11084
4977
10038
11086
4977
10038
11072
4977
10038
11066
4977
10038
11062
5027
10009
11072
5027
10009
11066
5027
10009
11081
5037
10038
11072
5037
10038
11066
5037
10038
11057
5037
10038
11062
5092
10009
11072
5092
10009
11066
5092
10009
11081
5114
10005
11066
5114
10006
11081
5114
10006
11072
5119
10005
11067
5119
10006
11083
5123
10004
11069
5123
10006
11084
5128
10038
11086
5128
10038
11071
5128
10038
11069
5128
10038
11062
5179
10008
11079
5179
10008
11071
5179
10008
11067
5179
10008
11055
5179
10008
11062
5214
10009
11069
5214
10009
11077
5214
10009
11067
5214
10009
11055
5214
10009
11059
5224
10057
11067
5224
10057
11076
5224
10057
11055
5224
10057
11060
5284
10020
11067
5284
10021
11076
5284
10020
11055
5284
10021
11060
5304
10075
11064
5304
10075
11072
5304
10075
11055
5304
10075
11060
5377
10006
11067
5377
10006
11072
5377
10006
11055
5377
10006
11064
5391
10075
11065
5391
10075
11074
5391
10075
11055
5391
10075
11059
5469
10020
11065
5469
10021
11074
5469
10021
11055
5469
10021
11059
5489
10079
11071
5489
10079
11077
5489
10079
11055
5489
10079
11062
5571
10022
11077
5571
10022
11071
5571
10022
11055
5571
10022
11062
5594
10087
11071
5594
10087
11086
5594
10087
11065
5594
10087
11067
5688
10027
11084
5688
10027
11072
5688
10027
11064
5688
10027
11067
5736
10026
11072
5736
10026
11079
5736
10026
11084
5736
10026
11076
5736
10026
11064
5736
10026
11057
5781
10026
11072
5781
10026
11084
5781
10026
11076
5781
10026
11079
5781
10026
11057
5781
10026
11064
5826
10013
11069
5826
10013
11076
5826
10013
11081
5826
10013
11060
5826
10013
11064
5845
10026
11072
5845
10026
11081
5845
10026
11084
5845
10026
11076
5845
10026
11064
5845
10026
11057
5887
10026
11079
5887
10026
11071
5887
10026
11076
5887
10026
11064
5887
10026
11060
5929
10013
11067
5929
10013
11083
5929
10013
11074
5929
10013
11055
5929
10013
11062
5949
10038
11071
5949
10038
11079
5949
10038
11083
5949
10038
11074
5949
10038
11055
5949
10038
11062
6034
10005
11060
6036
10034
11062
6053
10005
11064
6057
10017
11062
6061
10006
11060
6064
10030
11062
6072
10026
11062
6092
10025
11071
6092
10025
11067
6092
10025
11079
6092
10025
11074
6092
10025
11055
6092
10025
11062
6129
10008
11066
6129
10008
11059
6130
10008
11071
6130
10008
11078
6130
10008
11074
6130
10008
11062
6148
10038
11064
6148
10038
11079
6148
10038
11076
6148
10038
11072
6148
10038
11060
6148
10038
11055
6232
10005
11068
6232
10009
11065
6236
10029
11069
6252
10009
11071
6252
10005
11069
6256
10029
11069
6261
10005
11068
6265
10029
11069
6271
10025
11069
6292
10025
11065
6292
10025
11074
6292
10025
11077
6292
10025
11081
6292
10025
11069
6292
10025
11062
6329
10006
11064
6329
10006
11072
6329
10006
11076
6329
10006
11069
6329
10006
11060
6329
10006
11057
6347
10038
11059
6347
10038
11065
6347
10038
11071
6347
10038
11053
6347
10038
11050
6447
10000
27512
6486
10006
11070
6486
10009
11067
6489
10029
11071
6504
10006
11072
6504
10009
11069
6506
10029
11071
6511
10009
11067
6514
10006
11070
6517
10029
11071
6522
10019
11071
6542
10025
11059
6542
10025
11067
6542
10025
11071
6542
10025
11079
6542
10025
11062
6542
10025
11055
6580
10008
11066
6580
10008
11071
6580
10008
11078
6580
10008
11062
6580
10008
11059
6599
10038
11060
6599
10038
11067
6599
10038
11072
6599
10038
11076
6599
10038
11055
