0
10020
11070
0
10020
11053
20
10021
11074
40
10021
11065
60
10021
11069
80
10021
11072
100
10037
11075
140
10064
11075
140
10021
11060
160
10020
11051
180
10021
11055
200
10038
11060
220
10037
11067
240
10021
11051
260
10008
11070
260
10020
11055
280
10037
11069
280
10038
11060
320
10010
11069
320
10021
11051
340
10009
11072
340
10020
11055
360
10037
11070
360
10038
11060
400
10021
11069
400
10039
11051
420
10021
11067
440
10007
11066
440
10021
11062
443
10007
11067
448
10030
11066
460
10020
11050
480
10020
11067
480
10020
11054
500
10021
11069
500
10021
11057
520
10007
11072
520
10021
11062
523
10007
11070
528
10029
11069
540
10021
11054
560
10021
11070
560
10021
11057
580
10037
11072
580
10037
11062
620
10078
11072
620
10021
11055
640
10020
11050
660
10021
11055
680
10038
11058
700
10037
11070
720
10021
11050
740
10020
11067
740
10020
11055
760
10037
11070
760
10038
11058
800
10078
11062
800
10021
11051
820
10020
11048
840
10021
11051
860
10038
11055
880
10037
11063
900
10021
11048
920
10020
11065
920
10020
11051
940
10059
11067
940
10038
11055
980
10021
11053
1000
10059
11067
1000
10020
11048
1020
10021
11053
1040
10038
11057
1060
10037
11065
1080
10021
11048
1100
10007
11063
1100
10020
11053
1103
10007
11065
1108
10010
11063
1120
10037
11062
1120
10038
11057
1160
10037
11060
1160
10021
11058
1180
10020
11053
1200
10010
11062
1200
10021
11058
1220
10037
11065
1220
10038
11062
1240
10009
11069
1260
10021
11065
1260
10021
11053
1280
10037
11070
1280
10020
11058
1300
10021
11062
1320
10037
11072
1320
10021
11065
1340
10021
11058
1360
10007
11074
1360
10020
11062
1363
10007
11075
1380
10037
11077
1380
10021
11065
1420
10037
11058
1440
10037
11084
1460
10009
11065
1480
10037
11082
1480
10021
11053
1500
10037
11057
1520
10007
11081
1523
10007
11082
1528
10052
11081
1540
10021
11065
1560
10037
11072
1580
10021
11079
1600
10021
11077
1600
10007
11077
1603
10007
11079
1608
10010
11077
1620
10021
11075
1620
10037
11075
1640
10021
11074
1660
10007
11072
1660
10037
11072
1663
10007
11074
1668
10009
11072
1680
10009
11070
1700
10007
11069
1700
10037
11069
1703
10007
11070
1708
10009
11069
1720
10009
11067
1740
10007
11065
1740
10037
11065
1743
10007
11067
1748
10009
11065
1760
10009
11063
1780
10007
11062
1780
10037
11062
1783
10007
11063
1788
10009
11062
1800
10009
11060
1820
10007
11058
1820
10037
11058
1823
10007
11060
1828
10009
11058
1840
10009
11057
1860
10007
11058
1860
10037
11058
1863
10007
11060
1868
10009
11058
1880
10009
11057
1900
10007
11058
1900
10039
11058
1903
10007
11060
1908
10010
11058
1920
10009
11057
1940
10007
11058
1940
10037
11058
1943
10007
11060
1948
10009
11058
1960
10009
11057
1980
10009
11058
1980
10020
11058
2000
10009
11060
2000
10020
11060
2020
10009
11062
2020
10020
11062
2040
10009
11063
2040
10020
11063
2060
10009
11065
2060
10020
11065
2080
10009
11067
2080
10020
11067
2100
10009
11069
2100
10020
11069
2120
10009
11070
2120
10020
11070
2140
10009
11072
2140
10020
11072
2160
10009
11074
2160
10020
11074
2180
10059
11075
2180
10020
11075
2200
10009
11063
2200
10020
11063
2220
10009
11065
2220
10020
11065
2240
10059
11075
2240
10009
11067
2240
10020
11067
2260
10009
11068
2260
10020
11068
2280
10009
11070
2280
10020
11070
2300
10037
11075
2300
10009
11072
2300
10020
11072
2320
10009
11074
2320
10020
11074
2340
10037
11075
2340
10009
11072
2340
10020
11072
2360
10009
11070
2360
10020
11070
2380
10009
11069
2380
10020
11069
2400
10037
11072
2400
10009
11067
2400
10020
11067
2420
10009
11065
2420
10020
11065
2440
10037
11072
2440
10009
11063
2440
10020
11063
2460
10009
11062
2460
10020
11062
2480
10037
11072
2480
10009
11065
2480
10020
11065
2500
10009
11067
2500
10020
11067
2520
10037
11072
2520
10009
11069
2520
10020
11069
2540
10037
11070
2540
10020
11070
2560
10009
11074
2560
10020
11074
2580
10009
11072
2580
10020
11072
2600
10009
11070
2600
10020
11070
2620
10009
11069
2620
10020
11069
2640
10009
11067
2640
10020
11067
2660
10009
11065
2660
10020
11065
2680
10059
11084
2680
10009
11063
2680
10020
11063
2700
10009
11062
2700
10020
11062
2720
10059
11072
2720
10009
11065
2720
10020
11065
2740
10009
11081
2740
10009
11067
2740
10020
11067
2760
10009
11077
2760
10009
11069
2760
10020
11069
2780
10009
11075
2780
10059
11072
2780
10020
11072
2800
10059
11084
2800
10009
11074
2800
10020
11074
2820
10009
11075
2820
10020
11075
2840
10037
11077
2840
10020
11077
2860
10009
11081
2860
10020
11081
2880
10009
11077
2880
10037
11075
2880
10020
11075
2900
10009
11075
2900
10020
11075
2920
10009
11074
2920
10037
11077
2920
10020
11077
2940
10009
11072
2940
10020
11072
2960
10009
11070
2960
10037
11072
2960
10020
11072
2980
10009
11069
2980
10020
11069
3000
10009
11074
3000
10037
11072
3000
10020
11072
3020
10009
11072
3040
10009
11070
3040
10037
11074
3040
10020
11074
3060
10009
11069
3060
10020
11069
3080
10009
11070
3080
10037
11070
3080
10020
11070
3100
10009
11067
3100
10020
11067
3120
10009
11064
3120
10037
11067
3120
10020
11067
3140
10009
11060
3140
10020
11060
3160
10037
11072
3160
10009
11048
3180
10009
11050
3200
10037
11072
3200
10009
11052
3220
10009
11053
3240
10037
11072
3240
10009
11055
3260
10059
11060
3280
10009
11069
3300
10009
11065
3320
10009
11072
3320
10009
11057
3340
10009
11069
3340
10059
11060
3360
10009
11077
3380
10009
11072
3400
10009
11081
3400
10037
11057
3420
10009
11077
3440
10009
11084
3440
10037
11060
3460
10009
11081
3480
10009
11077
3480
10037
11065
3500
10009
11072
3520
10009
11069
3520
10037
11063
3540
10009
11065
3560
10009
11072
3560
10037
11062
3580
10009
11069
3600
10009
11065
3600
10037
11060
3620
10009
11062
3640
10009
11070
3640
10037
11058
3660
10009
11067
3680
10009
11062
3680
10037
11060
3700
10009
11058
3720
10009
11067
3720
10037
11062
3740
10009
11062
3760
10009
11058
3760
10037
11058
3780
10009
11062
3800
10009
11067
3800
10037
11065
3820
10009
11070
3840
10009
11074
3840
10021
11053
3860
10059
11082
3880
10037
11058
3920
10037
11065
3920
10037
11062
3940
10009
11081
3960
10009
11079
3960
10021
11053
3980
10009
11077
4000
10009
11076
4000
10037
11058
4020
10009
11077
4040
10009
11081
4040
10037
11062
4040
10037
11065
4060
10009
11082
4080
10037
11077
4080
10021
11058
4120
10021
11077
4120
10037
11062
4140
10009
11076
4160
10009
11074
4160
10021
11058
4180
10009
11072
4200
10009
11074
4200
10021
11053
4220
10009
11072
4240
10009
11074
4240
10037
11063
4260
10009
11072
4280
10009
11074
4280
10021
11057
4300
10009
11072
4320
10009
11074
4320
10021
11053
4340
10009
11072
4360
10009
11074
4360
10037
11063
4380
10009
11072
4400
10021
11063
4400
10021
11057
4420
10021
11063
4420
10021
11057
4440
10037
11063
4440
10037
11057
4480
10021
11063
4480
10021
11057
4500
10009
11072
4500
10038
11057
4520
10010
11072
4540
10009
11084
4540
10021
11053
4560
10009
11084
4560
10038
11063
4580
10010
11084
4600
10009
11072
4600
10021
11057
4620
10009
11072
4620
10038
11063
4640
10009
11072
4660
10009
11072
4660
10021
11053
4680
10010
11072
4680
10038
11063
4700
10009
11072
4720
10009
11084
4720
10021
11057
4740
10009
11084
4740
10038
11063
4760
10010
11084
4780
10009
11084
4780
10020
11053
4800
10009
11084
4800
10020
11063
4820
10009
11084
4820
10020
11065
4840
10009
11084
4840
10020
11069
4860
10009
11084
4860
10020
11072
4880
10009
11084
4880
10020
11075
4900
10009
11084
4900
10039
11077
4920
10009
11084
4940
10009
11084
4940
10064
11077
4960
10009
11084
4980
10010
11084
5000
10009
11084
5020
10009
11086
5020
10021
11074
5040
10009
11084
5040
10021
11075
5060
10009
11082
5060
10021
11074
5080
10009
11081
5080
10021
11072
5100
10009
11079
5100
10021
11070
5120
10009
11077
5120
10021
11069
5140
10009
11075
5140
10021
11067
5160
10009
11074
5160
10021
11065
5160
10021
11065
5180
10009
11072
5180
10037
11075
5180
10020
11063
5180
10020
11053
5180
10020
11053
5200
10009
11072
5200
10020
11063
5200
10020
11053
5200
10020
11053
5220
10009
11081
5240
10009
11079
5240
10020
11063
5240
10020
11053
5240
10020
11053
5260
10009
11077
5260
10037
11074
5260
10020
11062
5260
10020
11058
5260
10020
11058
5280
10009
11070
5280
10020
11062
5280
10020
11058
5280
10020
11058
5300
10009
11079
5320
10009
11077
5320
10020
11062
5320
10020
11058
5320
10020
11058
5340
10009
11075
5340
10020
11060
5340
10020
11063
5340
10020
11057
5340
10020
11057
5360
10009
11069
5360
10020
11060
5360
10020
11063
5360
10020
11057
5360
10020
11057
5380
10009
11077
5400
10009
11075
5400
10020
11060
5400
10020
11063
5400
10020
11057
5400
10020
11057
5420
10009
11074
5420
10020
11058
5420
10020
11062
5420
10020
11058
5420
10020
11058
5440
10009
11067
5440
10020
11058
5440
10020
11062
5440
10020
11058
5440
10020
11058
5460
10009
11075
5480
10009
11074
5480
10020
11062
5480
10020
11058
5480
10020
11058
5500
10009
11072
5500
10020
11063
5500
10020
11051
5500
10020
11051
5520
10009
11063
5520
10020
11051
5520
10020
11051
5540
10009
11069
5560
10009
11070
5560
10020
11060
5560
10020
11051
5560
10020
11051
5580
10009
11072
5580
10020
11053
5580
10020
11060
5580
10020
11057
5580
10020
11057
5600
10009
11065
5600
10020
11053
5600
10020
11060
5600
10020
11057
5600
10020
11057
5620
10009
11074
5640
10009
11072
5640
10020
11060
5640
10020
11057
5640
10020
11057
5660
10009
11070
5660
10020
11058
5660
10020
11050
5660
10020
11050
5680
10009
11062
5680
10020
11062
5680
10020
11058
5680
10020
11050
5680
10020
11050
5700
10009
11067
5720
10009
11069
5720
10020
11058
5720
10020
11058
5720
10020
11050
5720
10020
11050
5740
10009
11070
5740
10020
11060
5740
10020
11055
5740
10020
11051
5740
10020
11051
5760
10009
11063
5760
10020
11060
5760
10020
11055
5760
10020
11051
5760
10020
11051
5780
10009
11072
5800
10009
11070
5800
10020
11060
5800
10020
11055
5800
10020
11051
5800
10020
11051
5820
10009
11069
5820
10020
11060
5820
10020
11057
5820
10020
11051
5820
10020
11051
5840
10009
11063
5840
10020
11060
5840
10020
11057
5840
10020
11051
5840
10020
11051
5860
10009
11074
5880
10009
11072
5880
10020
11060
5880
10020
11057
5880
10020
11051
5880
10020
11051
5900
10009
11070
5900
10020
11058
5900
10020
11050
5900
10020
11050
5920
10009
11067
5920
10009
11058
5920
10020
11050
5920
10020
11050
5940
10009
11064
5940
10009
11058
5960
10009
11067
5960
10009
11058
5960
10020
11050
5960
10020
11050
5980
10009
11070
5980
10020
11058
5980
10009
11062
5980
10020
11055
5980
10020
11055
6000
10009
11074
6000
10009
11067
6000
10020
11055
6000
10020
11055
6020
10009
11079
6020
10009
11070
6040
10009
11082
6040
10009
11074
6040
10020
11055
6040
10020
11055
6060
10009
11082
6060
10020
11075
6060
10009
11067
6060
10020
11048
6060
10020
11048
6080
10009
11067
6080
10009
11063
6080
10020
11055
6080
10020
11060
6080
10020
11063
6080
10020
11048
6100
10009
11067
6100
10009
11063
6120
10009
11067
6120
10009
11063
6140
10009
11069
6140
10020
11063
6140
10009
11072
6140
10020
11048
6140
10020
11048
6160
10009
11072
6160
10009
11069
6160
10020
11063
6160
10020
11060
6160
10020
11063
6160
10020
11060
6160
10020
11063
6160
10020
11060
6160
10020
11048
6180
10009
11081
6180
10009
11072
6200
10009
11079
6200
10009
11075
6220
10009
11077
6220
10020
11075
6240
10009
11075
6240
10009
11072
6240
10020
11075
6260
10009
11074
6260
10020
11072
6260
10009
11065
6260
10020
11041
6260
10020
11053
6260
10020
11053
6280
10009
11072
6280
10020
11065
6280
10009
11069
6280
10020
11057
6280
10020
11060
6280
10020
11063
6280
10020
11041
6280
10020
11053
6280
10020
11053
6300
10009
11070
6320
10009
11069
6340
10009
11067
6360
10009
11065
6360
10020
11063
6360
10009
11057
6360
10020
11041
6360
10020
11053
6360
10020
11053
6380
10009
11063
6380
10020
11060
6380
10009
11065
